#	GRBname	TrigID	T90	Eiso	Eisolow	Eisohi	Ep	Eplow	Ephi	z
0	GRB200829A	993768.0	13.1	54.27424520527621	0.34239052510726503	0.3457074858504764	3.3614106068633487	0.362099975065015	0.36212050680385865	1.25
1	GRB200205B	954519.0	454.0	52.857571426593644	0.12951355246794347	0.1321973041007593	2.428684540961392	0.3938614353009846	0.39376306337822614	1.465
2	GRB191221B	945521.0	48.0	53.48455934966962	0.31673121882519784	0.3170668073730721	3.0386864966909655	0.3685895612591082	0.3686342016771369	1.148
3	GRB191011A	928924.0	7.35	51.89509018454155	0.2856516686520341	0.5438602222153658	2.401159692732711	0.42061622534294035	0.4184693821338069	1.722
4	GRB191004B	927839.0	300.0	53.677735815077384	0.31926669846367944	0.40475323228370846	3.5524397402459975	0.4226052448122054	0.42453117666471585	3.503
5	GRB190719C	915381.0	186.0	53.210535707314605	0.1459385424559084	0.15480496012479789	2.7506786065913134	0.3901208449616055	0.3899210608769387	2.469
6	GRB190324A	894718.0	22.8	52.82488561943691	0.21809638641900492	0.2180965893091272	2.7479533822674442	0.3760903982536306	0.3760954772799626	1.1715
7	GRB190114A	883600.0	67.1	52.51458273108691	0.22624818378839026	0.29359161292488345	2.5051696793724725	0.4380792033321443	0.4332503668773034	3.3765
8	GRB190106A	882252.0	78.1	52.91272588813899	0.16294472225188575	0.1626375197972387	2.7445347668607565	0.3803901590412894	0.38037409782269144	1.859
9	GRB181110A	871316.0	138.0	53.251422221666694	0.1912083537650551	0.20123321220160306	2.289335579527009	0.39984744857532034	0.3998096910350947	1.505
10	GRB181020A	867987.0	238.0	53.781188680562835	0.2520544174795512	0.2558416927555261	3.2733713386775505	0.3723902936491183	0.37243186178412	2.938
11	GRB181010A	866434.0	15.6	51.952424268754996	0.1783720991981569	0.1860726050143468	2.743352507120585	0.40639255597377616	0.40596576912973475	1.39
12	GRB180728A	850471.0	8.68	51.45738927885497	0.09804995498676157	0.09943343756609097	1.980314248777408	0.39543308579473174	0.39543444011874773	0.117
13	GRB180620B	843211.0	224.0	52.89023758802613	0.17514840646416832	0.17523188751892252	2.622673472769485	0.37949067742891174	0.379486588405262	1.1175
14	GRB180329B	819490.0	214.0	52.69884702875555	0.16582173581800347	0.1691086356030007	2.490068839961501	0.4055284967970857	0.40471919177496746	1.998
15	GRB180325A	817564.0	92.8	53.58143819284676	0.3205589176039838	0.3210006558672156	3.257498773568215	0.3681893122206878	0.3682435753632918	2.25
16	GRB180314A	814129.0	50.5	53.16800466821059	0.2930854305353619	0.2931048522718401	2.7611884512766167	0.37792116911531304	0.3779228938550554	1.445
17	GRB171222A	799669.0	174.0	52.898667200564056	0.20115164680491043	0.5826730917073304	2.4230978886195698	0.42097778234930583	0.4191735741262639	2.409
18	GRB171205A	794972.0	190.0	49.53839559635597	0.2524314629842496	0.2562268310270356	2.54753572190082	0.4021648179149774	0.40241312880427854	0.037
19	GRB170903A	770528.0	27.7	52.344294889773934	0.0628437566268385	1.3679771493686632	2.225821011756711	0.4071016408443203	0.40655487608477126	0.886
20	GRB170714A	762535.0	459.0	52.0387195184957	0.16293506349784959	0.21436702992541065	2.456088001681574	0.4164688606623571	0.4146209542366949	0.793
21	GRB170705A	760064.0	223.0	53.37416834576671	0.10777111160691116	0.11237535485532892	2.725749377885372	0.38232228274943614	0.3823020477110902	2.01
22	GRB170607A	756284.0	320.0	52.1916080282889	0.12047134555036977	0.13056057819829894	2.442870768115291	0.3852855353296045	0.3852277762609207	0.557
23	GRB170604A	755867.0	26.5	52.92427956920991	0.2552832592333259	0.2607243542789471	2.989520436057308	0.3938929973788209	0.39464264299021773	1.329
24	GRB170531B	755354.0	170.0	52.60129663685747	0.16179143898848425	0.17752242137099203	2.488595461613601	0.4131255862886496	0.4119514432988937	2.366
26	GRB170202A	736407.0	37.8	53.298700184270345	0.14674550987596752	0.1480722997336605	2.875523989131296	0.38588297402884136	0.3858474146638198	3.645
27	GRB170113A	732526.0	20.3	52.159594379991645	0.30843412624483757	0.30811028512874467	2.7769352870000072	0.3980138742816959	0.3973750674021231	1.968
29	GRB161014A	717500.0	23.0	52.71211026579094	0.28085094920945014	0.2724743403702357	3.0292982813832694	0.4084451076993847	0.4085893330134515	2.823
31	GRB160804A	707231.0	153.0	52.488495335340545	0.11015837484722811	0.11144227598252918	2.2525502292305646	0.39267938671670577	0.3926489163174615	0.736
33	GRB160227A	676423.0	316.0	52.996461874239905	0.3089297896164389	0.30887186466573074	2.858855616806611	0.39051728161307125	0.3903123481911245	2.38
34	GRB160203A	672525.0	17.4	52.83134369200439	0.3152523069881928	0.5572855847548827	2.6131485761409956	0.43448202412668147	0.43065507858562535	3.52
35	GRB160117B	670800.0	11.5	51.19137694929769	0.12789147849997848	0.5386001778711262	1.9615764533506816	0.43975012970760535	0.4360086753367366	0.87
36	GRB151215A	667392.0	17.8	51.83529433971528	0.24531096872451166	0.3980045592137966	2.4728052636364835	0.4872905749299317	0.4726891828959014	2.59
37	GRB151029A	662086.0	8.95	51.39390873254235	0.09259564408016242	0.11165932125311893	2.1499732354109953	0.4346382825150585	0.4309527085137657	1.423
38	GRB151027B	661869.0	80.0	53.06575565226493	0.3010940211966397	0.4437356828266268	2.771262529991687	0.4641246827051262	0.45557421217162214	4.063
40	GRB150910A	655097.0	112.0	52.84691030037544	0.2228942321431562	0.2228635094732784	2.894333492138925	0.39532664787824656	0.3956454217267851	1.36
41	GRB150821A	652847.0	169.0	51.13235095625782	0.2590054273736687	0.26903301702053545	2.2111878752474214	0.4977148988956504	0.4837336061855857	0.755
42	GRB150413A	637899.0	244.0	53.31494019922427	0.15352260192215916	0.18804561760312158	2.8091957606060327	0.4036874243034484	0.4029995300847314	3.139
43	GRB150403A	637044.0	37.3	53.890526494354624	0.2790219030683803	0.2796531361281603	3.207176908124644	0.3667091398828456	0.3667410925034315	2.06
44	GRB150323A	635887.0	150.0	52.08833523355775	0.11531459238397314	0.13496840822971123	2.3427018074418493	0.38991696978767654	0.3898039185755727	0.593
45	GRB150314A	634795.0	14.8	53.35980276018125	0.31148156690172174	0.3703600838764137	3.3665416874726692	0.36297150539138207	0.3629949097209624	1.758
47	GRB150206A	630019.0	75.0	53.71927446010113	0.24879182322082427	0.24966415425687108	3.0615232180743206	0.3713074567405571	0.3713484844163653	2.087
49	GRB141220A	621915.0	7.23	52.73070802446068	0.4251254085612056	0.42677561319725366	2.9791035180325802	0.3801328092706313	0.3803554494526622	1.32
50	GRB141121A	619182.0	481.0	52.696346929604545	0.17373740976982674	0.19897203580084177	2.5219496071464653	0.406740964417902	0.4058130850522911	1.47
51	GRB141109A	618024.0	200.0	53.5359414924028	0.15043714692043422	0.15328037958284818	2.973314630265066	0.38002714603511006	0.3800148099090908	2.993
52	GRB140907A	611933.0	80.0	52.59254175678722	0.14853533720190867	0.15062079929721797	2.5697989628122557	0.3857866130396448	0.38572335015441234	1.21
53	GRB140710A	603954.0	3.0	50.40822548440995	0.18019083290205554	0.2153815855757587	2.0713460127749226	0.4419893780558696	0.4363632742745567	0.558
54	GRB140629A	602884.0	38.3	52.712636192681856	0.14957666686137022	0.15622102787096442	2.5516609479477106	0.4006768449133723	0.40023973651272693	2.275
56	GRB140614A	601646.0	77.4	52.97265832471281	0.20417914650392652	0.18567595856655406	3.1049460105379776	0.4221709698475584	0.4208146358249175	4.233
57	GRB140518A	599287.0	60.5	52.83825071256903	0.15762415579152395	0.16307370068517726	2.756520134511572	0.40532935794799174	0.40455997377612946	4.707
58	GRB140515A	599037.0	23.4	52.83638391360992	0.19584695004449848	0.19897066704638602	2.9691128485665965	0.4031126602302574	0.40233341047753773	6.33
59	GRB140512A	598819.0	154.0	52.777418980195506	0.2134806866047023	0.21337243274604087	2.810869915153352	0.3698631148840789	0.3698845014190306	0.725
60	GRB140506A	598284.0	111.0	52.147500698955184	0.22449403951882752	0.18514311554722923	2.5976589862561936	0.41375949256529454	0.41340811270904193	0.889
62	GRB140423A	596901.0	134.0	53.84805637295933	0.24468038212990043	0.2451910895961283	3.203675327585438	0.3730801779432908	0.37312384938298143	3.26
63	GRB140419A	596426.0	80.1	54.38072857149793	0.23532328174804415	0.23731509060465028	3.5086155049288497	0.3648552820791534	0.3648818058240246	3.956
64	GRB140331A	594081.0	210.0	52.69967192486824	0.3126452174505524	0.558639042554534	2.6931890928360978	0.4695249816231019	0.45922216693350865	4.65
65	GRB140318A	592204.0	7.6	51.419922700642445	0.42509242406632053	0.4067160639982951	2.8663684245665344	0.4984610043995088	0.5015430658927552	1.02
66	GRB140311A	591390.0	70.5	53.31399046533608	0.1909455222728545	0.3165226568323613	2.9543243472840284	0.44619931173597377	0.44302691479370476	4.954
67	GRB140304A	590206.0	14.8	53.33093018380426	0.3322589412240747	0.3336143965927964	3.4170182763226777	0.379411880599298	0.3795623418558537	5.283
69	GRB140213A	586569.0	59.9	53.027852835996065	0.10287289238110739	0.10396991929768915	2.4288351459994035	0.38796697990655943	0.38796186988419284	1.2076
70	GRB140206A	585834.0	94.2	53.84244681420454	0.2219175394200228	0.22191916503942502	2.943484309026288	0.37495944561333894	0.3749626007768503	2.73
71	GRB140114A	583861.0	140.0	53.22113388229664	0.20578725316892127	0.2370720843051945	2.4549697767981336	0.40585168030162827	0.4056319474395647	3.0
72	GRB131117A	577968.0	10.9	52.06988999488585	0.3051860029343591	0.3069521487663885	2.7799342557449407	0.4208639868846322	0.4184801933040122	4.042
73	GRB131103A	576562.0	15.2	51.15615514125728	0.18222793733262946	0.21076763521334346	2.2914603515766454	0.4192857468062903	0.4174407918797037	0.5955
74	GRB131030A	576238.0	39.4	53.670836644747986	0.2537690230184026	0.25380484375117124	2.988247824583591	0.36678621285352164	0.36679337445580246	1.293
75	GRB130907A	569992.0	364.0	54.412094256867874	0.27413938550669925	0.27350686917499334	3.1141319704661785	0.3633194633352091	0.3633294332981873	1.238
76	GRB130831A	568849.0	30.2	52.081898244814404	0.19673368503109598	0.16824193093393586	2.139100441612996	0.39489991190852747	0.39487652269243123	0.4791
77	GRB130701A	559482.0	4.38	52.543166142752554	0.25713314297135653	0.25712534079831006	2.631891756509217	0.3791327322722912	0.3791236152137863	1.155
78	GRB130612A	557976.0	4.0	51.42363340199527	0.16903317631255418	0.17690097503457858	2.3914281639210646	0.4480201799997013	0.44137716882072736	2.006
79	GRB130610A	557845.0	47.7	53.03578881046345	0.313441844784915	0.3145092479200653	3.1436770046669453	0.37779984273921585	0.3779358985306394	2.092
80	GRB130606A	557589.0	277.0	53.58434539080305	0.18974463849695086	0.19103184084463962	3.2019236701309985	0.39585358381097047	0.39557481240035397	5.9134
82	GRB130528A	556870.0	640.0	52.767744023635345	0.15300500308809126	0.15926786614303448	2.678745333587108	0.38783140919050724	0.3877099146938989	1.25
83	GRB130514A	555821.0	214.0	53.769912605074055	0.10420889962488374	0.11765737968193837	2.786741223589451	0.38738453542121576	0.3873596380585725	3.6
84	GRB130511A	555600.0	2.74	51.38709885104073	0.29222394733215046	0.2804805823153725	2.9073276543247557	0.49934560479025997	0.4996820330362559	1.3033
85	GRB130427B	554635.0	25.9	52.71635013591659	0.22252727486968948	0.22454683090021751	2.825726088160297	0.4093594905714343	0.4088017626533041	2.78
86	GRB130418A	553847.0	275.0	52.03574400629534	0.18156217815791792	0.2502117995585499	2.200908732003054	0.422919676473687	0.42077133157877283	1.218
87	GRB130408A	553132.0	4.24	53.59648091571525	0.6615339984107919	0.7754620518662073	3.495005405216165	0.50225529364733	0.5138480862072047	3.758
88	GRB130215A	548760.0	66.2	52.04568860611846	0.21252582726615338	0.21343149121520555	2.4740623459534716	0.4023609682618082	0.4018297480013392	0.597
89	GRB130131B	547420.0	4.3	52.422931571846824	0.35463994645418745	0.39319340984886325	3.3715861087128114	0.46306938101229317	0.46751172173153904	2.539
90	GRB121229A	544347.0	111.0	52.34586616747357	0.22284976802018108	0.6069064192879258	2.2676845280272224	0.5094600045206735	0.48599770065700915	2.707
91	GRB121217A	542441.0	778.0	53.523159355263516	0.14076345333568563	0.14672042706922495	2.9518238289819774	0.38480661489895657	0.3847526158164149	3.1
93	GRB121209A	540964.0	42.9	52.943093799377735	0.22790827538777828	0.22802737106555948	2.966880268196297	0.3798461600719918	0.37985422519180756	2.1
94	GRB121201A	540178.0	38.0	52.70888591433512	0.3800765198657738	0.43285673653314555	2.6648440490909926	0.41706533615682284	0.41521977384977427	3.385
95	GRB121128A	539866.0	23.4	53.10509486508467	0.11485897236853798	0.1154372811437915	2.5338729159260565	0.39093921763052913	0.39092955708034866	2.2
96	GRB121027A	536831.0	80.1	52.54345873809868	0.151836003755381	0.1714008465572424	2.513349852300734	0.39823082720291764	0.3978726905326073	1.773
97	GRB120923A	534402.0	26.1	52.609601192957896	0.33762381139102005	0.33983726147735144	3.0281649678917337	0.44229341892367374	0.4381919038285799	7.84
98	GRB120922A	534394.0	168.0	53.37443809456762	0.1418821110850379	0.15280649793088286	2.522275254825683	0.40168220728924503	0.40152242709812624	3.1
99	GRB120909A	533060.0	221.0	53.84560771828251	0.20927134206957815	0.21008216321868164	3.2261303574177167	0.38705735027281074	0.38716255903114694	3.93
100	GRB120907A	532871.0	6.08	51.43543289681951	0.28642177472183533	0.2863562014900152	2.5180188669593204	0.42246789552018355	0.4204647748383941	0.97
101	GRB120811C	530689.0	24.3	52.91668780314827	0.09671772903299501	0.09978935885053641	2.480948862842905	0.39858004390335444	0.3985345955018686	2.671
102	GRB120805A	530031.0	48.0	53.144143658220706	0.8326355346100196	0.9084277714282846	3.3448021640896073	0.5044420178879646	0.5151061150629649	3.1
104	GRB120802A	529486.0	50.3	52.933536416329304	0.1534767517098502	0.1594647692992846	2.7225120733244776	0.3991926831973667	0.398826393795236	3.796
105	GRB120724A	528443.0	77.9	51.81848252243453	0.1875794278307029	0.2342169853660083	1.9824147092751092	0.4561917783371172	0.45032628421898907	1.48
107	GRB120714B	526642.0	157.0	51.07090693917934	0.3545660079450555	0.35462890057518265	2.496199642650541	0.413744228153449	0.412742249178988	0.3984
108	GRB120712A	526351.0	14.8	53.30388581426637	0.29242579570130417	0.292857537838436	3.2526564691611197	0.3789144526091716	0.3789731433944428	4.1745
109	GRB120521C	522656.0	27.1	53.171346905438604	0.16381599711576028	0.1716526443706931	3.0609419115232823	0.39551403534600876	0.3950428359167841	5.93
111	GRB120404A	519380.0	38.7	52.923599329025414	0.3934057829434991	0.3133225484983545	2.623437970832008	0.40616224688740893	0.4054054265754979	2.876
112	GRB120401A	519043.0	130.0	52.81127473917063	0.22916420428490136	0.25341141213904084	2.90322163015345	0.4433369728194648	0.4386342402825165	4.5
113	GRB120327A	518731.0	63.5	53.203611218140644	0.17281758368172082	0.1733114938546964	2.9453395230218065	0.37940265163931636	0.37940074788252337	2.8145
114	GRB120326A	518626.0	69.5	52.580237091734574	0.10954622391164036	0.11480193242077881	2.3678296344652394	0.3998388394574095	0.3997362848998658	1.798
115	GRB120211A	514586.0	64.3	52.56483645507337	0.4850011204445725	0.4971989796315552	3.0121023429649245	0.452429248666805	0.45171744385306767	2.4
116	GRB120119A	512035.0	68.0	53.593872099760304	0.2093442224523831	0.20942138544063968	2.958830567831517	0.3699214895202722	0.3699311465181449	1.728
117	GRB120118B	512003.0	20.3	52.83420298655862	0.178711673293085	0.2016024690573694	2.4483230226902566	0.4089368829480604	0.40846521067743147	2.943
118	GRB111229A	510736.0	25.4	51.61025489929776	0.7677148482103476	0.7007959687549958	2.4296237069725866	0.4952128834995945	0.48163958333569373	1.3805
120	GRB111225A	510341.0	106.0	50.72480648022649	0.18100610029344175	0.19784474429669854	2.2453943511455314	0.4103672032288948	0.40901612176450536	0.297
121	GRB111209A	509337.0	811.0	53.074107926858794	0.15586982687673284	0.1561898150343675	2.6189858253644416	0.37377841963091907	0.3737832376214149	0.677
123	GRB111123A	508319.0	290.0	53.601222158809776	0.1003495838854056	0.11009275766305926	2.834015765156067	0.3855893072562713	0.3855244897358097	3.1516
124	GRB111008A	505054.0	62.8	53.76870716607683	0.17412671320792378	0.17862521964844663	2.844937334478675	0.39510448760870787	0.3948949311755249	4.99005
125	GRB110818A	500914.0	103.0	53.36775137516425	0.1491232243057896	0.16649537826381053	2.9350558667587627	0.3926359226698398	0.3925913599824454	3.36
126	GRB110808A	458918.0	40.7	51.446246509163664	0.3003847860742255	0.681950757485813	2.1953224322994354	0.49587220578108077	0.4787025604175928	1.348
127	GRB110801A	458521.0	385.0	52.948881222480594	0.1391923798023635	0.170630737276716	2.5166878661803382	0.3980718397834387	0.39772064191913786	1.858
128	GRB110726A	458059.0	5.16	50.97767522961272	0.20765213696512286	0.21244306558563564	2.3383948329073827	0.4213686344572879	0.4185707658104263	1.036
130	GRB110503A	452685.0	58.7	53.49420828790048	0.31069182384201677	0.31235343728844567	3.084385327292159	0.3755972977362633	0.3756641894222332	1.613
132	GRB110205A	444643.0	249.0	53.661966307588166	0.11126755720174661	0.11760117654090922	2.7118888431253114	0.38290105460626006	0.3828908677211965	2.22
133	GRB110128A	443861.0	14.2	52.72952496296129	0.4320516254312332	0.6491436853248135	3.477427708056629	0.5187787831959239	0.5333822695369103	2.339
134	GRB110106B	441676.0	43.4	51.6914406606399	0.1962929248103754	0.20837224705239835	2.27400447866247	0.40329966994971395	0.4026977601702008	0.618
135	GRB101219B	440635.0	41.9	51.52164168336402	0.2565769556218379	0.2671310837545557	2.3038977403178516	0.45553831430578856	0.448239980495871	0.55185
136	GRB100905A	433442.0	3.4	53.136507864893666	0.5185868700980671	0.5573001945605885	3.860058501338394	0.45775943919504286	0.4626557779944198	7.88
138	GRB100816A	431764.0	2.88	52.36062415386689	0.41339260176025067	0.41435493097408516	3.0550496309592643	0.37058388052456337	0.37065111102989107	0.8049
139	GRB100814A	431605.0	177.0	53.11442212583344	0.18809929028891362	0.1881131065900809	2.8238991398478857	0.37386579858629576	0.3738672371478705	1.44
140	GRB100728B	430172.0	12.1	52.64282671114967	0.1899874586119899	0.19566628984175086	2.827931940789485	0.4038786834211178	0.40351705175685865	2.106
141	GRB100728A	430151.0	193.0	53.60532451048441	0.2953253720407195	0.29463443564336944	3.269102299709335	0.36266786234700016	0.36268169195363775	1.567
145	GRB100621A	425151.0	63.6	52.62787425827293	0.0825451770086815	0.09092894833735256	2.1847385554233583	0.3919742329579359	0.3919742329579359	0.542
146	GRB100615A	424733.0	38.8	52.75915979923137	0.10095574661680541	0.1027561022151182	2.4048680177422495	0.39141846806541125	0.39140458981625453	1.398
147	GRB100513A	421814.0	83.5	53.169598620008856	0.19191531718143628	0.18301769689799086	3.045031860933119	0.4018683393073439	0.401324821730556	4.772
148	GRB100508A	421386.0	49.3	51.42547701810547	0.4841157879798187	0.5598614409303491	2.9068095326096026	0.48208659636731827	0.4878263265884848	0.5201
149	GRB100425A	420398.0	39.0	51.732374776909566	0.23136346627566765	0.34868601900279017	2.024067480629901	0.4791337879944407	0.46644498580789984	1.755
150	GRB100424A	420367.0	104.0	52.71839987985439	0.21838503333592355	0.24221996980418448	2.591698015130617	0.4053492227962487	0.40454084342333974	2.465
152	GRB100316A	416076.0	6.75	52.673413539001814	0.27613612527425874	0.2765945384585048	3.043544332792495	0.4244151185401448	0.42408815541659783	3.155
153	GRB100302A	414592.0	17.9	52.44906777343892	0.21464003083458502	0.2347188652405225	2.9228100808317996	0.42618254010484014	0.42341419274309877	4.813
154	GRB100219A	412982.0	27.6	52.823893986821126	0.4257400087024447	0.45576178348112056	3.333911241591211	0.47976381522671874	0.4812851356427422	4.66723
156	GRB091208B	378559.0	14.8	52.342346819127236	0.1337819645558218	0.1682332210689187	2.432704521204081	0.39775385332587687	0.3973111337034993	1.0633
157	GRB091029	374210.0	39.2	52.91964571449647	0.11919097396742254	0.12281422104932506	2.5822916810934644	0.3946141742315085	0.39453242958936685	2.752
158	GRB091024	373674.0	112.0	52.927455366818144	0.277490589738354	0.27776056216852774	3.0623645730491984	0.378473210752792	0.37884884195001894	1.092
159	GRB091020	373458.0	38.9	52.85675914895647	0.1524192986634872	0.15536658359272473	2.7804303501952536	0.3810608895495846	0.38103039360912644	1.71
161	GRB090814A	359951.0	78.1	51.40446678415257	0.1980893132185134	0.20919153625169912	2.274058590157279	0.42571453367061535	0.4225645744995748	0.696
162	GRB090809A	359530.0	8.87	52.3020452932068	0.3534432990612032	0.3585842885288351	3.130595509060307	0.48087613727983897	0.483687643988799	2.737
163	GRB090726	358422.0	56.7	52.350324947064955	0.20702275913458418	0.2505271525038211	2.2572658159020125	0.4343394926552192	0.43154731564988863	2.71
164	GRB090709A	356890.0	88.7	53.97604138381011	0.286541415886951	0.28680225545223204	3.184136209643706	0.36439576893368647	0.36440578772701104	1.8
165	GRB090618	355083.0	113.0	53.31676239276406	0.13703184987259545	0.13705274359646286	2.487070745798796	0.3766175745329741	0.37662190752328323	0.54
166	GRB090530	353567.0	40.5	52.01430493314567	0.2492380921278637	0.248990874602321	2.673803101259252	0.40827460298264245	0.4073581256040238	1.266
167	GRB090529A	353540.0	70.4	52.33678559303786	0.1518266344959251	0.1677133737019393	2.4795771905303168	0.4190552807865133	0.41705596533762945	2.625
169	GRB090429B	350854.0	5.58	52.71746973250604	0.1834395821713291	0.18674290852022354	3.0169098715509337	0.40689703980323555	0.4059532956579465	9.38
171	GRB090424	350311.0	49.5	52.62103628418397	0.19653785765860815	0.19654391645462185	2.5364306260158926	0.37592399721204256	0.3759250412740254	0.544
172	GRB090423	350184.0	10.3	52.97060539743251	0.19716235695716944	0.19802015265191877	3.0415103476999032	0.39594294284750353	0.3956555883584402	8.26
174	GRB090407	348650.0	315.0	52.19396621586508	0.40246016207408153	0.2939555752880691	2.6180811491914415	0.46989011456416313	0.4629757844411565	1.4485
175	GRB090404	348428.0	82.0	53.27102351589866	0.17591026856469724	0.35574822307785575	2.2948244777419147	0.41358278218412786	0.4134347116881153	2.87
176	GRB090205	342121.0	8.81	51.95456100815733	0.1562492415311847	0.1766864166124295	2.6566917648688686	0.4351267217844313	0.43114793605839774	4.6497
177	GRB090201	341749.0	74.3	53.98218072913201	0.3025658710799393	0.30260998036020703	2.9753777202429625	0.3719687606838889	0.3719772166360694	2.1
178	GRB090113	339852.0	9.1	52.18742090561791	0.1569020812094993	0.1599881349306112	2.7871773655959178	0.3886062956449651	0.38842385917174704	1.7493
179	GRB090102	338895.0	28.3	53.16463330934448	0.2375843097119218	0.23959339413609904	2.9915020993878714	0.3819542144087031	0.38204943863425334	1.547
180	GRB081230	338633.0	60.7	52.22534659493005	0.20761269504564403	0.23602745165332614	2.462607534449004	0.4151517393810629	0.41345137532199894	2.03
181	GRB081222	337914.0	33.0	53.41704405666233	0.22580821240080404	0.22582063779771833	3.060777566228954	0.3719285760389753	0.3719355894858324	2.77
182	GRB081221	337889.0	33.9	53.66302565985991	0.13894194283439437	0.1390253897040271	2.641238309778366	0.3848846804594681	0.38488714366802973	2.26
183	GRB081203A	336489.0	223.0	53.36164992314388	0.17678034451168556	0.17676979650201857	2.950313811241406	0.37634895964123855	0.37636821095879613	2.05
184	GRB081121	335105.0	17.5	53.83459068898915	0.4764469422968114	0.49453228640124636	3.456579716196698	0.39856573325123	0.4003725972117866	2.512
185	GRB081118	334877.0	53.4	52.627215120509966	0.20615276070585067	0.35115437937518074	2.3765852180053715	0.42021771732933283	0.41868515255254024	2.58
186	GRB081109A	334112.0	221.0	52.381042288464535	0.1521356878054525	0.1568011512420972	2.564125982457598	0.3873898283845526	0.38725682903583813	0.9787
187	GRB081029	332931.0	275.0	53.266903733149704	0.2915918230338154	0.2960479256380177	3.173624313252978	0.4252738773458945	0.4258561133569329	3.8479
188	GRB081028A	332851.0	284.0	53.20033280949214	0.1426979787179403	0.14616825512119955	2.71301256745489	0.3927932511630697	0.39262642771545025	3.038
189	GRB081008	331093.0	188.0	52.9551087045004	0.16396443110698034	0.16464699763531637	2.7250254067781143	0.3849891911005275	0.3849416864966582	1.9683
190	GRB080916A	324895.0	61.3	52.107166052550745	0.2067944836760848	0.20680177348386458	2.55996950716292	0.3780098643998017	0.37800568684900326	0.6887
191	GRB080913	324561.0	7.46	53.43759357490141	0.518726534395624	0.5395913859183739	3.638470565767938	0.4203720757648197	0.4227929583081374	6.733
192	GRB080906	323984.0	148.0	53.00836937888598	0.17001584120675042	0.17221445375066238	2.859901967971214	0.384594765090892	0.38454047798469704	2.13
193	GRB080905B	323898.0	121.0	52.77335471844323	0.25384575777115626	0.20047143549076957	2.749126502125171	0.40570340591027354	0.40503992901963304	2.3739
195	GRB080805	319036.0	107.0	52.61413157772719	0.14838013895544952	0.14914809706919557	2.7641773702483423	0.3837023943426407	0.3836351819100837	1.5042
196	GRB080804	319016.0	37.9	53.47613652646713	0.326211030775591	0.36041580550079844	3.4180112335453576	0.3922930231054473	0.39348556531058043	2.2045
197	GRB080605	313299.0	18.1	53.50518772583213	0.2536953777140351	0.2537305712767111	3.0097351081218893	0.36803952079870994	0.36804949864585074	1.6403
198	GRB080604	313116.0	77.6	51.903351530776554	0.210846325695138	0.22094566146164327	2.580970204556698	0.41730645740035377	0.41584051260775806	1.4171
199	GRB080603B	313087.0	59.1	52.901020150860774	0.16235444262689677	0.16288210537730188	2.7135581169479894	0.38751019366373995	0.3874490887265432	2.6892
200	GRB080602	312958.0	74.3	53.067459700835705	0.39294139454834665	0.39895547953999744	3.0974347963203113	0.3992304482907689	0.3997457485652445	1.8204
201	GRB080517	311874.0	64.5	49.502018100396434	0.46912822217528105	0.49256589859426636	2.5008961598642676	0.5222155402642811	0.520298664506474	0.089
202	GRB080516	311762.0	5.76	52.10893129258585	0.27606496872627534	0.43077882796291983	2.6871627665651237	0.45817543802245736	0.450686586795985	3.2
203	GRB080413A	309096.0	46.4	53.092440640596436	0.15603434257788734	0.15716699458293773	2.8861451792279276	0.37826549241824475	0.37826068140125724	2.433
204	GRB080411	309010.0	56.3	53.28325017082074	0.09335280405770469	0.09221023871204323	2.4993193149994437	0.38164525132433436	0.38165422703245755	1.0301
205	GRB080330	308041.0	60.4	51.64426957300534	0.1826647795172063	2.740538415627504	1.84392029278503	0.550677670200592	0.5111058640647457	1.5119
206	GRB080319C	306778.0	29.6	53.10875931876139	0.30599735562221564	0.30656264899080027	3.1064746955361575	0.3752312369133647	0.37529679920077147	1.9492
207	GRB080319B	306757.0	125.0	54.22922945629902	0.3346429689377595	0.33462084297267797	3.2747583780582885	0.3614108970551235	0.3614229917315998	0.9382
208	GRB080310	305288.0	363.0	52.83704947540605	0.1548322864781124	0.32702209004916255	2.274004417120327	0.4218598188738196	0.4207956863731872	2.42743
209	GRB080207	302728.0	292.0	53.19506408642217	0.19173692680167564	0.19180108175605612	2.80676096001591	0.3803526390990141	0.3803288458800427	2.0858
210	GRB071227	299787.0	142.0	50.287090189157006	0.2052529201347265	0.2946393610923345	2.040450193647755	0.5021712882911818	0.48386150416044194	0.381
211	GRB071122	297114.0	71.4	51.68872335663689	0.2225210651790769	0.2892624332592387	2.5841992830102747	0.490633012120172	0.48356444856020414	1.14
212	GRB071117	296805.0	6.08	52.44889552260577	0.21101505472057755	0.21101343945220516	2.732383624833267	0.37814425470711915	0.37813575707139296	1.3308
213	GRB071031	295670.0	181.0	52.608383681022296	0.1328500838374641	0.6033679844001854	2.2074555157663576	0.45700235856632243	0.44996080876053307	2.6918
214	GRB071025	295301.0	241.0	53.94452898484701	0.09365176724519994	0.11957072354207965	2.958403013486809	0.38610104953029123	0.38606963234095915	5.2
215	GRB071020	294835.0	4.3	53.25437251416043	0.3059732883229711	0.3013869432108124	3.418049796123575	0.366246224103857	0.3662919741732448	2.1462
216	GRB070810A	287364.0	9.04	52.10872452993002	0.1685331250284253	0.19427539410808287	2.368532863678432	0.4118395564076076	0.4109920573124287	2.17
218	GRB070802	286809.0	15.8	51.825135954269925	0.2344636089918651	0.27863034258795916	2.667117244093561	0.4544841770672684	0.44854461357148545	2.4541
220	GRB070714B	284856.0	65.6	51.71996362164587	0.29767961448855784	0.3071844635061553	2.818316629438241	0.4338731499465329	0.4336816163616151	0.9225
221	GRB070612A	282066.0	365.0	52.395156858037375	0.15009669458477218	0.15671581716620833	2.4445020187683704	0.38999329527220367	0.38987236419674137	0.617
222	GRB070611	282003.0	13.2	51.8695984486179	0.3114912096933434	0.3124716012593431	2.6941618143780364	0.4489737230595689	0.44519706604702836	2.0394
223	GRB070529	280706.0	109.0	53.046660558506595	0.23310239929252927	0.23555344288731303	3.0814316127919352	0.41414289526753034	0.41483907466113823	2.4996
224	GRB070521	279935.0	38.6	53.08699921154672	0.2654160954113559	0.2649847714586197	3.07255797137676	0.3691190976861237	0.3691328235623516	2.0865
225	GRB070508	278854.0	20.9	53.077821584729335	0.23175753950648864	0.23177459773631176	2.833782440560716	0.3677242641765471	0.3677340198908482	0.82
226	GRB070506	278693.0	5.99	51.67216413778028	0.2556416775555113	0.25722201353150176	2.669787056686856	0.4192828351813471	0.4167283109696991	2.309
228	GRB070420	276321.0	77.0	53.85178850231442	0.2262025735168309	0.22619947093679948	2.978116990899933	0.3772188444939923	0.3772172330084312	3.01
229	GRB070419B	276212.0	238.0	53.25736570111022	0.10336096224158305	0.11355704925042219	2.6947579147782887	0.38271691715190287	0.38270004682302755	1.9588
230	GRB070419A	276205.0	160.0	51.32687360134	0.17588514796031338	0.22648904559160277	1.9227321905642518	0.4516826236363571	0.44562672535937425	0.9705
231	GRB070328	272773.0	72.1	53.62424530080106	0.2713338258525429	0.27350145652324126	3.2179568399198986	0.36621259445799015	0.36624161308680764	2.06
232	GRB070318	271019.0	130.0	52.17930030129965	0.22599140953515645	0.226792045320465	2.789885626056805	0.382827986982236	0.38283789243233907	0.8397
233	GRB070306	263361.0	209.0	52.90721038409694	0.1155467803972866	0.13005901030068373	2.6460854321464704	0.38908913608722095	0.38895708459997336	1.49594
234	GRB070224	261880.0	48.0	51.807223747808266	0.2800798758662	0.49735600054346024	2.162642397573595	0.4641058299583433	0.4543455392229379	1.99
235	GRB070208	259714.0	64.0	51.615824040039925	0.24960777315037935	0.5853641708958606	2.2708184528421134	0.5091160853182423	0.48653837322156457	1.165
236	GRB070129	258408.0	460.0	52.922949470505166	0.23374482180014036	0.3082259116475961	2.4412243677514285	0.41512979947519213	0.41367399474062294	2.3384
237	GRB070103	254532.0	18.4	51.92428291223333	0.21449607484908012	0.2546427100149956	2.5578647038289732	0.43090206905732203	0.4272364277847115	2.6208
238	GRB061222B	252593.0	37.2	52.959536192631916	0.15311542034800604	0.16635412385759948	2.584582410198758	0.40919726818066027	0.4083208908411084	3.355
239	GRB061222A	252588.0	100.0	53.4736463236785	0.21615631414108216	0.2165095538024082	3.0690177286765867	0.3702336883473382	0.37025318190489903	2.088
241	GRB061126	240766.0	52.6	52.9944298768371	0.26283456639119207	0.2651856668028499	3.042201245384419	0.36942219678221944	0.36947518781758965	1.1588
242	GRB061110B	238174.0	135.0	53.49473019268595	0.38409777827005825	0.4951568110106806	3.6700598179105275	0.4350409663146541	0.4387925476599411	3.4344
243	GRB061110A	238108.0	44.5	51.620509243173295	0.1345699406862285	0.16548211514127792	2.477442644367457	0.39710819495174965	0.39655961503430803	0.7578
244	GRB060927	231362.0	22.4	53.08139545686953	0.2685902041236035	0.2685421123349795	3.0762772840967876	0.38556493100231903	0.38545341513060755	5.4636
245	GRB060923A	230662.0	58.5	52.293123159172154	0.2964779952415318	0.2979686291244097	2.638475115680128	0.43626375429856523	0.4328289942983495	2.47
246	GRB060908	228581.0	19.3	52.96875816004821	0.321171305429158	0.3215414728665943	3.0476563571089232	0.373555970285473	0.37358545803243187	1.8836
247	GRB060906	228316.0	44.6	53.10664315710811	0.1668187865374318	0.1823551845071402	2.597518460451319	0.40468937701666047	0.40425689844742346	3.6856
248	GRB060904B	228006.0	190.0	51.66243732760885	0.19560565093731538	0.20070286150289446	2.4495396856718212	0.40420977744524744	0.40337839857193836	0.7029
249	GRB060904A	227996.0	80.1	53.487351377224364	0.13268589026147343	0.13444503613749934	2.889556885866435	0.3766497401079961	0.3766497401079961	2.55
250	GRB060814	224552.0	145.0	53.53570504011227	0.1576562768125727	0.15790604720202087	2.8184604851277757	0.37544338609435357	0.3754472244532163	1.9229
252	GRB060729	221755.0	113.0	51.68614969525453	0.18229759304733142	0.19042311883283344	2.375427597068419	0.4016674741333602	0.40110545779795287	0.5428
253	GRB060719	220020.0	66.9	52.334807218077636	0.1739990297040099	0.18882389234969357	2.4044546733312995	0.4010640852078333	0.4006699766281092	1.532
254	GRB060714	219101.0	116.0	52.99288582371987	0.1579257222435567	0.17178501963823573	2.5676239724569023	0.40035942257992546	0.40005045732864686	2.7108
255	GRB060708	217805.0	10.0	51.975975105834735	0.19434211432562346	0.1956255772690801	2.700552689686019	0.397085384605293	0.3965491948761579	1.92
256	GRB060707	217704.0	66.6	52.86565462615761	0.31682327259599086	0.31650080530183416	2.8497397989111355	0.4003606879801068	0.3998172611022596	3.424
258	GRB060607A	213823.0	103.0	53.157325957368684	0.23826390744911977	0.23827920149342285	3.055562482920098	0.3798467253992172	0.3798316795355481	3.0749
259	GRB060605	213630.0	79.8	52.67081537717681	0.32422914582819373	0.32385526325084035	3.034436196225643	0.42781863240618206	0.42614445820000146	3.773
261	GRB060602A	213180.0	74.8	52.16589488786784	0.48167011124965686	0.5010735831900596	2.97619751378358	0.4215652150571126	0.4241464758365712	0.787
262	GRB060522	211117.0	69.1	53.066420359296565	0.3417971342142129	0.34183632806676356	3.128536543435229	0.4076044770543889	0.4068373970071413	5.11
263	GRB060510B	209352.0	263.0	53.60686429468343	0.12398892257434731	0.14247340010546364	2.888594523640764	0.3909786578433814	0.39086135282148177	4.941
264	GRB060505	208654.0	4.0	49.91901540806267	0.6576926114470613	0.7355436593582065	2.7426651724711295	0.5322488751658158	0.533761778343254	0.0889
266	GRB060502A	208169.0	28.4	52.58384045577821	0.24988972497537057	0.2499951726900666	2.860128335533617	0.3794635793799053	0.37952505538149817	1.5026
267	GRB060428B	207399.0	96.0	50.58277428397984	0.3386802310484448	0.35832160946861935	1.4960616121827204	0.4608635751084428	0.456587689899167	0.348
268	GRB060418	205851.0	109.0	53.057185716437125	0.11992107446780023	0.12721981323181722	2.591297713160141	0.3847837802071662	0.3847570475038444	1.49
269	GRB060306	200638.0	60.9	52.39896227314629	0.16166510359401012	0.16450191302442047	2.529139823166199	0.39383057831304885	0.39360197562204124	1.559
270	GRB060223A	192059.0	11.3	52.662063158659485	0.20795864576950282	0.20895769664468664	2.920705049702816	0.396650612717652	0.3962509013100681	4.41
271	GRB060210	180977.0	288.0	53.77826766583314	0.2225555273287972	0.22254910898121616	3.092873072588179	0.3853848353298146	0.38539350686689733	3.9122
272	GRB060206	180455.0	7.55	52.74724302571671	0.19687100544216934	0.19710536632326084	2.92307285357705	0.3866266826340818	0.38652555948215656	4.0559
273	GRB060124	178750.0	13.4	52.18617309727479	0.3263242135263771	0.3906732295786926	2.588550873007578	0.42114166120198654	0.4190503569296685	2.3
274	GRB060116	177533.0	105.0	53.71283850226084	0.3263642033901607	0.3387808026056831	3.4180459783443515	0.42144817173015175	0.4226383504525214	6.6
275	GRB060115	177408.0	139.0	52.9262427401097	0.21031988615689107	0.21124415546804137	2.8284787185294142	0.39741227079312946	0.39688194039471875	3.5328
276	GRB060108	176453.0	14.2	52.203196100658225	0.20276905578632465	1.184370711767388	2.3926965871734467	0.419700282860023	0.4177507364670764	2.03
277	GRB051117B	164279.0	9.02	50.38646081110026	0.4650671596822587	0.4623177597232138	2.505389929462759	0.49826367244187214	0.49155039981729354	0.481
278	GRB051111	163438.0	64.0	52.95947520639628	0.26271304175467697	0.2634588487523338	2.997295690088484	0.374133721650787	0.3741979580135658	1.54948
279	GRB051109B	163170.0	15.7	48.65824503852234	0.1729565405707128	0.1892645656484786	1.9599524169524456	0.442373699797037	0.4365380108934827	0.08
280	GRB051109A	163136.0	37.2	52.851506980019586	0.3656328796195104	0.3671884741152905	2.9036652391166338	0.43309144824005547	0.4330413486995718	2.346
281	GRB051008	158855.0	12.4	53.8354497890698	0.3884337846427014	0.38960877166413616	3.443483204668731	0.3687098271399494	0.3688303102770477	2.77
282	GRB051006	158593.0	35.4	52.02370789187393	0.20174047129524955	0.19002827499377883	2.687242410801836	0.41644694942861676	0.41638881754750545	1.059
283	GRB051001	157870.0	190.0	52.71368561492249	0.22539232232214404	0.25444758634776465	2.4273100376319174	0.4134812263867382	0.41240174970118093	2.4296
284	GRB050922C	156467.0	4.55	52.7852746594298	0.2575504521091695	0.2577120010872017	3.0530412125853275	0.3734633852068746	0.3734897581412608	2.1995
285	GRB050922B	156434.0	157.0	53.38567395333719	0.4157909694433694	0.7511326857832638	2.558136945132076	0.4510794749889671	0.44385658553196655	4.5
286	GRB050915A	155242.0	53.4	52.595139575904014	0.3296107402540626	0.3379477764584731	3.0763425368487427	0.41808034962812474	0.4184799495026373	2.5273
287	GRB050908	154112.0	18.3	52.2381101263573	0.19353268598700674	0.20067354044264654	2.691097225310663	0.41362849088187337	0.4120058548030303	3.3467
288	GRB050904	153514.0	182.0	54.09967904654368	0.20446203727684673	0.21199938159764692	3.5686223558908106	0.3739114910836214	0.3740562192231031	6.295
290	GRB050822	151486.0	104.0	52.50532922389755	0.11497135726671186	0.3838786705110621	2.0467211733229145	0.42331139308331167	0.42258460329414743	1.434
291	GRB050819	151131.0	37.7	51.83942026475631	0.27582800069343666	0.30082057015335667	1.998706243885266	0.46569631348547585	0.4581507721801075	2.5043
292	GRB050814	150314.0	143.0	53.198147205009704	0.21598889469960594	0.2199941641678099	2.9312765766019333	0.4156092680673473	0.41381904918855283	5.3
294	GRB050803	148833.0	88.1	53.212883526153206	0.19082244911452179	0.1891760661460384	3.1582996144982003	0.38931382762354333	0.38942052051342346	3.5
295	GRB050802	148646.0	27.5	52.629724698148664	0.22148898857097535	0.2215566649142131	2.835842093955296	0.40273844432184097	0.4025515481224309	1.7102
297	GRB050730	148225.0	155.0	53.28745900448851	0.14945952608554555	0.15534382360396257	3.066338321950979	0.3912726124349811	0.3910999852518431	3.9693
298	GRB050726	147788.0	46.5	51.818691822781325	0.9626606379035181	1.1869270655977693	3.3208198251138965	0.5163979614447608	0.532751340833118	0.1646
300	GRB050714B	145994.0	49.4	51.98096658381572	0.1632122710910836	0.18317037558033225	2.1479271987101347	0.4616070124796602	0.4532462140600353	2.438
301	GRB050603	131560.0	21.0	53.80798392999203	0.2712354628875552	0.2786321676332257	3.313503510518444	0.37754846761876976	0.37777707363573043	2.821
304	GRB050505	117504.0	58.9	53.42718648423876	0.30713248850545805	0.30887597590676236	3.2237978538586303	0.3939159015565641	0.39445842457580943	4.2748
305	GRB050502B	116116.0	17.7	52.68229128993911	0.22077956889580286	0.22180965634636707	3.0861822685938636	0.4015984995269278	0.4009493097564083	5.2
307	GRB050406	113872.0	5.78	51.12403580904894	0.16722514614351483	0.1925017624735866	2.1752476810011805	0.485922010002883	0.46940714549242174	2.7
308	GRB050401	113120.0	32.1	53.66000311242309	0.24109834193751434	0.24165052099755183	3.100650066081859	0.37902133478072564	0.37911891526903874	2.8983
309	GRB050319	111622.0	152.0	52.81841190534765	0.2509768882111627	0.32298705251775706	2.591602927508621	0.421242419788649	0.4189809097655449	3.2425
310	GRB050318	111529.0	16.1	51.96705962253593	0.14505437285405062	0.14779403438480257	2.391877960704221	0.3989385319838066	0.39865717743872087	1.4436
311	GRB050315	111063.0	95.4	52.86453220055485	0.10379621461672024	0.19867152015813083	2.3102679586725703	0.4061292643563807	0.4059372777625471	1.95
312	GRB050223	106709.0	22.7	51.066263828061146	0.20583453737686908	0.2206694295603439	2.265867215178272	0.41434805443339495	0.41273226208858343	0.584
313	GRB050219A	106415.0	23.8	51.431583838090035	0.5449043044557469	0.5455138553859845	2.699516772310147	0.37226854035726653	0.3723336822726851	0.2115
315	GRB050126	103780.0	48.0	52.167051562907794	0.46894188279836235	0.4751759183235754	2.9130808020132424	0.42042908497074005	0.42098179147564335	1.29
