GRB111005A 504779 23.2 5.06 0.01326 19.6609 0 0 30.1174293334016 0.742444509641595 1.65059110357096
GRB171205A 794972 190 33.9 0.037 295.335 0 0 402.922388724183 0.519788300395716 2.11292946776541
GRB100316D 416135 522 440 0.0591 9.61547 0.946444 28.3117 20.392675098663 0.739200071126057 1.51265190967713
GRB190829A 922968 56.9 47 0.0785 18.8978 0 0 10.9881404014265 0.808845362840632 1.4327271803714
GRB051109B 163170 15.7 4.12 0.08 39.4461 31.3027 51.2453 64.2098565989872 0.664795391244728 1.76441808265426
GRB060505 208654 4 -99 0.0889 124.925 0 0 609.802499291069 0.52309672378546 2.33889297792126
GRB080517 311874 64.5 22.3 0.089 94.5655 53.376 0 338.569241053528 0.56509764836543 2.20518231048007
GRB061201 241840 0.776 0.0951 0.09875 982.028 0 0 2278.01731086657 0.427027604315287 2.58413233274475
GRB100628A 426114 0.036 0.00894 0.102 74.3311 65.3958 86.4342 575.680209880738 0.520113348606405 2.28176282380115
GRB180728A 850471 8.68 0.297 0.117 88.3366 63.6872 0 65.5563099636118 0.616096866563551 1.65210825035089
GRB080905A 323870 1.02 0.0816 0.1218 500.017 0 0 2284.01704180306 0.440709081581923 2.68145461065593
GRB060614 214805 109 3.37 0.1254 98.5197 94.9888 158.285 53.9659094100303 0.632393649361899 1.62181569890223
GRB150101B 91964035 0.012 0.00894 0.1343 80 0 0 272.270130807792 0.309029543251359 0.509484528105396
GRB161219B 727541 6.93 0.793 0.1475 61.8766 52.6124 86.4155 96.4162863897182 0.600672154883403 1.75889332192172
GRB160821B 709357 0.48 0.073 0.16 46.3175 40.9348 53.7961 86.7038535281323 0.623316322912985 1.77826303155571
GRB050726 147788 46.5 14.4 0.1646 184.037 0 0 1750.46491291668 0.448912811617064 2.56478284402584
GRB050219A 106415 23.8 2.26 0.2115 91.0944 83.197 102.597 495.415397131742 0.493897695759684 2.10480806903019
GRB081211B 90053089 64 1.6 0.216 9999.24 0 0 180.476558151441 0.611101711442088 2.05182113972867
GRB070809 287344 1.28 0.373 0.2187 111.131 24.6454 0 167.984418369575 0.59086327864136 1.96057292116284
GRB050509B 118749 0.024 0.00894 0.2249 58.851 48.2505 98.7862 536.043210959065 0.551077272189706 2.39567637448852
GRB191019A 930285 64.3 4.45 0.248 2.54651 0.97772 1.50024 27.9357026897141 0.68576608026469 1.5123489181793
GRB050724 147478 98.7 8.56 0.257 11.479 0 0 73.4782323448087 0.648635180316657 1.78039554952095
GRB150818A 652603 143 21.8 0.282 9999.36 0.0100001 0 87.8702172195175 0.609619709989022 1.74737050218601
GRB120422A 520658 60.4 5.73 0.28253 97.0093 0 0 62.7621915483572 0.723104393057541 1.8812867640903
GRB060502B 208275 0.144 0.0506 0.287 117.949 78.4592 0 1289.11959541969 0.464876400781484 2.47235255049558
GRB050826 152113 29.6 6.31 0.296 9999.36 0 0 607.287720954231 0.523537747341737 2.34300356824358
GRB111225A 510341 106 26.2 0.297 68.2266 49.0065 0 129.558198339511 0.595705349323203 1.86446184399573
GRB150727A 650530 88 11 0.313 194.566 128.913 767.064 826.190125406176 0.46881068344627 2.2462934978645
GRB130427A 554620 244 4.73 0.3399 9995.16 0 0 724.354062200412 0.466779742402136 2.16992138552463
GRB090417B 349450 267 35.4 0.345 112.858 0 0 105.739292446185 0.606243367062862 1.81167795606632
GRB061021 234905 47.8 5.63 0.3463 9973.47 0 0 524.716837037436 0.491562789414007 2.12260654973567
GRB130925A 571830 160 3.39 0.348 39.703 4.62771 50.2601 51.3039495684637 0.636368244901352 1.61322335217431
GRB060428B 207399 96 50.6 0.348 20.447 0 0 5.71023787101207 0.882467053137169 1.34252227437094
GRB140903A 611599 0.296 0.0342 0.351 44.1689 32.1534 60.3643 62.6940751296404 0.640184271669272 1.69718623198748
GRB130603B 557310 0.176 0.024 0.3565 997.498 0 0 2103.8254283413 0.419863285618359 2.49195646019111
GRB071227 299787 142 48.4 0.381 35.5367 24.8635 0 58.3299091488985 0.704720653974884 1.816050830185
GRB120714B 526642 157 24 0.3984 71.2362 54.1344 172.977 249.096772212589 0.554722778991082 2.01790399434969
GRB061210 243690 85.2 13.1 0.4095 9999.36 0 0 236.260272207194 0.579702936091399 2.08254310831796
GRB101213A 440285 131 42 0.414 9999.36 0 0 340.76179714051 0.520884578810388 2.03740796665417
GRB190114C 883832 361 11.7 0.42 9999.36 0 0 335.590145946763 0.510828947786048 1.99106986807128
GRB061006 232585 130 30.7 0.4377 9999.36 0.0100009 0 133.553907787389 0.595413256896738 1.87669198841076
GRB100625A 425647 0.332 0.0369 0.452 446.613 0 0 1718.48355294533 0.435184781911214 2.46657315195165
GRB070724A 285948 0.432 0.0864 0.4571 45.8539 28.7357 0 91.6078730886577 0.65728163818139 1.88477928524762
GRB150120A 627137 1.2 0.154 0.46 9999.36 0 0 106.771317078533 0.614942487102788 1.83994779114908
GRB130831A 568849 30.2 2.33 0.4791 319.855 0.0131298 0 74.7818147354173 0.611777499399235 1.69057522422834
GRB051117B 164279 9.02 1.32 0.481 70.8304 49.6985 0 238.300086505465 0.585937103689489 2.10451003040264
GRB160624A 701288 0.192 0.143 0.483 9999.36 0 0 9199.17837398496 0.403400191460273 3.46730144032123
GRB091127 377179 6.96 0.15 0.49044 46.3739 0 0 56.2003473806169 0.637265635771446 1.64906395863179
GRB161108A 721234 116 11.7 0.5 65.1245 47.361 0 115.120376158987 0.605778701558354 1.84468195737494
GRB100508A 421386 49.3 7.43 0.5201 179.998 0 0 636.758278589805 0.510462096714416 2.30899424249502
GRB081007 330856 9.73 4.87 0.5295 20.1229 0 0 16.6591101593638 0.765769385835357 1.49358863388476
GRB090618 355083 113 0.58 0.54 399.813 247.764 2109 215.422767054411 0.536353353063785 1.88873487705168
GRB100621A 425151 63.6 1.71 0.542 129.012 84.7737 0 82.3624202430731 0.601114217521389 1.69840007368584
GRB060729 221755 113 22.1 0.5428 201.156 63.4443 0 153.881814976339 0.579270617204677 1.8873589286038
GRB090424 350311 49.5 2.27 0.544 152.785 121.441 234.192 247.158300343783 0.530776883347302 1.92881022653031
GRB051221A 173780 1.39 0.197 0.5464 9988.26 0 0 374.106625754306 0.509764396803493 2.03692247441765
GRB101219B 440635 41.9 5.84 0.55185 54.7667 39.2174 0 121.712392658975 0.622718115541527 1.91413691981715
GRB160425A 684098 305 15 0.555 5.25082 0 0 35.3534091968783 0.697639400152143 1.61893346326257
GRB170607A 756284 320 172 0.557 465.611 0 0 186.587781055332 0.555472419398719 1.89248959322883
GRB140710A 603954 3 2.24 0.558 39.5551 0 0 53.8634541053502 0.677989549931942 1.72819999681953
GRB141004A 614390 3.92 1.11 0.573 64.3615 51.2477 170.149 93.4555289718798 0.603435700005522 1.7544277984235
GRB050223 106709 22.7 4.48 0.584 68.0987 0 0 104.323151933345 0.612504804973061 1.82363114198056
GRB150323A 635887 150 9.12 0.593 154.878 78.7542 0 132.92292822493 0.577923693666956 1.8216229954337
GRB131103A 576562 15.2 3.03 0.5955 63.408 43.1395 0 112.368866494474 0.610565836217786 1.84896844740847
GRB141212A 621229 0.288 0.0973 0.596 94.8648 0 0 198.807379102022 0.582514848296117 2.00604190071461
GRB130215A 548760 66.2 10.7 0.597 101.572 67.7063 0 198.071139465033 0.563970645920283 1.94709660710211
GRB100213B 412220 91.9 20.3 0.604 9999.36 0 0 24.9735337913271 0.722285672275076 1.54833702824351
GRB050525A 130088 8.84 0.0709 0.606 80.3998 77.4819 83.8773 116.044269771398 0 0
GRB070612A 282066 365 51.7 0.617 137.695 0 0 178.511212559985 0.562080475699674 1.89555766198445
GRB110106B 441676 43.4 16.6 0.618 101.994 0 0 103.946219795664 0.604656185543663 1.80043729286719
GRB100418A 419797 7.93 1.08 0.6239 187.32 101.778 0 33.4184805666345 0.724394259389181 1.65350685605478
GRB050416A 114753 6.67 3.42 0.6528 14.8495 0.767286 21.9823 1.74522087883788 1.02729577032186 1.18785792636272
GRB180720B 848890 108 3.69 0.654 9998.78 0 0 433.944611607278 0.496499139338671 2.05258665032342
GRB111209A 509337 811 52.1 0.677 768.79 0 0 281.243503901449 0.522163487108576 1.95451496493871
GRB080916A 324895 61.3 6.68 0.6887 120.957 96.2685 191.388 236.673972314272 0.535722022809522 1.92752491319094
GRB090814A 359951 78.1 7.98 0.696 52.4351 39.8723 147.499 97.0728767252423 0.62449289259925 1.82657496112564
GRB060904B 228006 190 21.2 0.7029 84.0941 57.4388 0 169.347893939657 0.574847967292173 1.91407080901178
GRB111228A 510649 101 5.45 0.71627 1.36704 1.04856 1.92275 30.9742571808759 0.679830273138031 1.5349827525527
GRB131004A 573190 1.54 0.326 0.717 60.678 48.552 125.454 108.446165351377 0.599892593490001 1.80372988116403
GRB101219A 440606 0.828 0.18 0.718 9999.34 0 0 3811.69102886909 0.396739827354105 2.69997348994007
GRB050813 150139 0.384 0.112 0.722 64.6151 49.4973 108.927 646.746668096425 0.529003444663287 2.40708651568189
GRB140512A 598819 154 4.65 0.725 982.496 0 0 447.48986127031 0.49692288734135 2.06882854582526
GRB160314A 679120 8.73 1.52 0.726 9999.36 0 0 249.947271370743 0.565755780540248 2.05938241502356
GRB160804A 707231 153 19.2 0.736 64.2334 57.0257 78.0203 87.1522291852692 0.60145688402071 1.72132549004865
GRB150821A 652847 169 102 0.755 42.1053 33.1724 56.2854 74.2043388609947 0.681442945581649 1.86222220140463
GRB061110A 238108 44.5 5.9 0.7578 240.328 0 0 176.737781820415 0.567832832326082 1.90969934878065
GRB080430 310613 13.9 1.9 0.767 9854.16 0 0 134.564840202086 0.57812133915044 1.8273258586322
GRB060202 179968 193 22.9 0.783 9999.04 0.0100009 0 120.859974978231 0.594747328582791 1.83317320224183
GRB060602A 213180 74.8 13 0.787 147.502 89.052 0 635.530210559384 0.497326384120095 2.24650298505005
GRB161104A 720568 0.1 0.0179 0.788 297.134 0 0 818.352474586299 0.493421989443462 2.35935368608418
GRB170714A 762535 459 94.6 0.793 132.203 24.9987 0 161.354283803358 0.584604965722864 1.92365417760224
GRB120729A 529095 93.9 36.6 0.8 9999.07 0 0 193.83334924688 0.555397601620876 1.90869044759218
GRB100816A 431764 2.88 0.625 0.8049 172.191 130.79 295.501 747.866018121036 0.471245808071469 2.20685856182389
GRB151027A 661775 130 5.47 0.81 9999.36 0 0 239.640821664006 0.536714712015199 1.93658025697645
GRB170519A 753445 220 144 0.818 31.8766 0 0 70.459020263683 0.658601931431562 1.78643204292977
GRB070508 278854 20.9 0.732 0.82 443.852 273.07 1992.95 447.085103724564 0.494165588753375 2.05690152420977
GRB110715A 457330 13 4 0.8224 119.804 104.834 146.401 186.132452632221 0.546990772457971 1.86277542589909
GRB061217 251634 0.224 0.0433 0.827 998.44 0 0 3397.00862856295 0.431829542353824 2.88999771913742
GRB050824 151905 25 5.55 0.8278 80 0 0 5.50907011806604 0.928473472530088 1.38599128667182
GRB070318 271019 130 28.8 0.8397 330.081 0 0 396.269092210165 0.512362693406304 2.07447401883379
GRB080710 316534 143 25.1 0.8454 9999.36 0 0 318.651890933892 0.551538076281021 2.1220641085349
GRB160117B 670800 11.5 2.61 0.87 16.1491 0.558135 39.7471 25.4972181659847 0.733789511788933 1.57685950394478
GRB170903A 770528 27.7 4.51 0.886 8.12603 0 0 69.9423467593845 0.632328126448032 1.71941812310172
GRB140506A 598284 111 9.55 0.889 271.007 0 0 229.392333873961 0.560099906280738 2.00034083160011
GRB161001A 714404 2.6 0.385 0.891 282.469 0 0 986.495026362494 0.461829318552099 2.30496560938059
GRB070429B 277582 0.488 0.0431 0.9023 72.8519 46.8857 0 175.717169938635 0.589980285897751 1.97808067455002
GRB090510 351588 5.66 1.88 0.903 9999.27 0 0 1019.40720785321 0.487774396206821 2.46430807427641
GRB141225A 622476 86.1 45.2 0.915 999.974 0 0 548.390976402546 0.514766172723958 2.25141989771412
GRB100117A 382941 0.292 0.0322 0.915 265.761 0 0 1772.83578725826 0.451306927570058 2.58545450438022
GRB070714B 284856 65.6 9.51 0.9225 192.503 0 0 405.654034795434 0.52952077047823 2.15522194254516
GRB051016B 159994 4 0.448 0.9364 20.4237 0 0 21.8313302795588 0.749892482639216 1.55395701022929
GRB060912A 229185 5.03 0.581 0.937 9999.29 0.0100005 0 136.593237911075 0.577231469593705 1.83079408237708
GRB080319B 306757 125 3.1 0.9382 999.06 887.153 0 1094.42271914953 0.445362350098252 2.27556895411653
GRB071010B 293795 36.1 2.28 0.947 54.7823 49.2699 62.0205 66.7173364995158 0.618704820868488 1.66564137385912
GRB120722A 528195 36.3 6.44 0.9586 118.698 0 0 58.6457034532794 0.676371033378285 1.75636186937778
GRB140622A 602278 0.132 0.0358 0.959 44.2382 36.5297 51.0788 2.31825230357447 1.00216446648527 1.2226946164418
GRB120907A 532871 6.08 0.785 0.97 62.9985 47.4407 456.68 172.040660011797 0.583167080113113 1.947345449239
GRB070419A 276205 160 50.6 0.9705 26.4772 4.06104 33.6179 19.6055350939922 0.766322364013454 1.54631155067103
GRB091018 373172 4.37 0.597 0.971 19.4255 0 0 23.9893068726127 0.699970923536369 1.49066138025556
GRB160131A 672236 328 71 0.972 9999.36 0 0 649.189818506076 0.477074276120135 2.16292519710391
GRB081109A 334112 221 59 0.9787 169.706 85.1559 0 196.322375329891 0.554661472151806 1.91167913465792
GRB071010A 293707 6.32 1.87 0.985 36.4037 0 0 29.3984748207417 0.759581712106233 1.66818610707896
GRB180404A 821881 36.3 5.35 1 9986.04 0.0100136 0 70.3549566857246 0.631950410077991 1.72027350281162
GRB140318A 592204 7.6 1.28 1.02 180.845 0 0 433.355986094924 0.541090613337884 2.238981473423
GRB121211A 541200 183 38.7 1.023 182.006 0 0 27.2894008084711 0.740173445043659 1.61072351868248
GRB080411 309010 56.3 0.923 1.0301 998.238 0.0100014 0 156.126024056101 0.557482835104846 1.82365633654989
GRB110726A 458059 5.16 1.11 1.036 46.5334 38.4242 62.0894 92.2539775639416 0.625382177053567 1.80819598257946
GRB051006 158593 35.4 8.93 1.059 350.444 0 0 265.57824704122 0.551637142318474 2.03779503609752
GRB130604A 557354 76.3 29.8 1.06 9999.36 0.0100006 0 184.795418556767 0.570108478811221 1.93714888089652
GRB091208B 378559 14.8 3.36 1.0633 116.051 65.0005 0 123.733529113516 0.589558628666733 1.82729430210507
GRB111129A 508712 8.48 1.28 1.0796 5.01012 0 0 12.2844268904389 0.849266513047992 1.52353171760129
GRB091024 373674 112 13.8 1.092 999.039 0 0 661.06596793352 0.481665455140903 2.19337808535668
GRB120224A 515976 7 2.24 1.1 4.43745 0 0 21.5415475547807 0.800709534634069 1.63002588085101
GRB080413B 309111 8 2 1.1014 77.6499 66.8362 102.051 131.075493044232 0.57556317547803 1.80853950602881
GRB180620B 843211 224 26.1 1.1175 137.135 101.622 303.465 213.746346400196 0.542235565787882 1.90596315127599
GRB060801 222154 0.504 0.0609 1.1304 190.291 0 0 5838.61407655365 0.394583117739271 2.97658096397313
GRB071122 297114 71.4 13.9 1.14 138.857 0 0 188.37479816664 0.601922392372241 2.0476088596523
GRB191221B 945521 48 16 1.148 245.349 163.125 759.59 611.146740739122 0.480497353512246 2.14850317594461
GRB130701A 559482 4.38 0.253 1.155 89.1621 79.8112 104.525 214.735080814351 0.541531844282263 1.90547607422418
GRB061126 240766 52.6 10.8 1.1588 718.068 0 0 612.992978583769 0.480940665499124 2.15198628913531
GRB070518 279592 5.5 0.804 1.16 37.4673 0 0 58.3105583490236 0.671111993191588 1.74343997653155
GRB070208 259714 64 22.6 1.165 51.29 1.31306 0 66.2940574018913 0.696531882071135 1.84410862897002
GRB151031A 662330 5 2.24 1.167 3.35248 0.937686 24.852 20.1852113004296 0.741714040161499 1.5139533733736
GRB190324A 894718 22.8 10.1 1.1715 157.155 112.24 392.469 294.322998943721 0.52334249434607 1.97941337276899
GRB060319 202035 10.3 1.72 1.172 193.817 132.499 0 27.1129953759687 0.731254413010359 1.59339334885269
GRB100316B 416103 3.84 0.426 1.18 16.3072 0 0 26.5625337987162 0.723054444500839 1.5707063518354
GRB180618A 842475 47.4 11.2 1.2 9999.35 0 0 394.432597864006 0.545063373725571 2.20353777514631
GRB180620A 843122 22.9 4.99 1.2 126.544 85.2408 0 137.142322515121 0.571464820117898 1.81447713566378
GRB140213A 586569 59.9 2.71 1.2076 113.742 83.8432 431.208 111.02791902683 0.58280262606395 1.76318750697941
GRB140907A 611933 80 35.8 1.21 129.6 83.841 0 173.008603267541 0.559873613571241 1.87472901080043
GRB130418A 553847 275 39.3 1.218 36.0597 1.61892 51.9708 49.2463559702659 0.670074359642422 1.6780040318435
GRB080707 316204 30.2 2.4 1.2322 9999.36 0.0100002 0 149.030479918273 0.589823402341931 1.90614748316736
GRB130907A 569992 364 5.45 1.238 999.537 0 0 694.485687678869 0.469100612498369 2.15978241094469
GRB090926B 370791 99.3 11.3 1.24 80.5453 74.2042 89.5543 268.032835033303 0 0
GRB130528A 556870 640 560 1.25 295.263 0 0 232.77289073985 0.545492771516632 1.95494030251116
GRB200829A 993768 13.1 3.08 1.25 694.212 390.364 7927.66 1140.63107711499 0.44397396144838 2.29008446139571
GRB061007 232683 75.7 2.48 1.2622 9997.89 0 0 1157.37074379482 0.443123722007043 2.2933281397902
GRB090530 353567 40.5 7.87 1.266 92.142 61.585 0 227.511105118696 0.558172582393644 1.98871935278962
GRB100724A 429868 1.39 0.156 1.288 42.4999 34.3014 57.6765 75.9273775373411 0.64652824092862 1.78518611383937
GRB050126 103780 48 22.6 1.29 93.756 67.6314 325.02 425.108804689524 0.522502653104766 2.15050769056234
GRB131030A 576238 39.4 3.67 1.293 404.43 248.101 1946.51 509.325359031967 0.487415684284787 2.09024647639733
GRB130420A 553977 121 11.7 1.297 33.3581 24.9648 38.3261 34.7130440967794 0.669003669670612 1.55063827634514
GRB120804A 529686 0.808 0.0832 1.3 156.107 105.949 718.365 442.496663100564 0.50479029888782 2.09619654097377
GRB130511A 555600 2.74 0.398 1.3033 982.396 0 0 416.465470962968 0.544192434732233 2.22886620852674
GRB180510B 831816 134 52.9 1.305 9999.2 0 0 57.7800482271525 0.658381319532024 1.71058634149779
GRB061121 239899 81.2 46.4 1.3145 9980.35 0 0 365.187076489753 0.506426589648571 2.01251673308712
GRB141220A 621915 7.23 0.479 1.32 116.098 93.2122 180.768 492.376254120127 0.498810974541804 2.12302447060065
GRB170604A 755867 26.5 2.84 1.329 607.425 0 0 502.731502344785 0.503397436943119 2.153473342151
GRB071117 296805 6.08 2.15 1.3308 136.625 101.621 289.967 259.246260128928 0.53164471380214 1.95316530004343
GRB110808A 458918 40.7 9.03 1.348 31.8031 0 0 43.8561799308651 0.727151660169234 1.75472474291845
GRB150910A 655097 112 36.5 1.36 433.782 0 0 392.569088872443 0.518708661512616 2.09616758114838
GRB090927 370846 2.16 0.401 1.37 61.9516 42.8286 0 111.440614965374 0.61612027416331 1.86024223334341
GRB050801 148522 19.6 5.94 1.38 36.0634 0 0 61.0149837580326 0.671817016623537 1.761988217753
GRB111229A 510736 25.4 5.58 1.3805 289.801 0.0100832 0 99.8315467614975 0.655069682246206 1.91764406204075
GRB181010A 866434 15.6 2.19 1.39 271.148 0 0 259.301004992168 0.548991347867294 2.0163294808161
GRB150423A 638808 0.216 0.0283 1.394 120.501 85.2962 440.009 2454.26740739365 0.436639478875139 2.69184283670145
GRB100615A 424733 38.8 0.817 1.398 85.4912 68.2177 193.403 90.8182439116616 0.597229841800646 1.72552199676033
GRB100901A 433065 437 21.8 1.4084 996.92 0 0 365.738264713052 0.538199760294481 2.13966853408558
GRB180205A 808625 15.5 3.15 1.409 36.5453 0 0 53.9919608222683 0.652666767735178 1.67168713414587
GRB140301A 589590 27.8 8.39 1.416 14.8834 0 0 67.2933579171792 0.671984104309842 1.80078556199272
GRB080604 313116 77.6 13.2 1.4171 72.3272 49.9641 0 158.977367045378 0.586020083522179 1.92242541797492
GRB151029A 662086 8.95 3.96 1.423 33.9501 27.0895 39.9607 34.7832693657002 0.705497533906309 1.62837152741866
GRB050822 151486 104 15.8 1.434 13.935 0.844976 28.7235 22.5250052046694 0.722704901196316 1.51494197884482
GRB100814A 431605 177 10.8 1.44 312.961 124.057 0 314.991765041639 0.517638416509224 1.9884926955278
GRB050318 111529 16.1 10.9 1.4436 49.2345 43.3282 58.6761 84.442833939809 0.612483650171893 1.73947022817736
GRB180314A 814129 50.5 21.8 1.445 94.19 81.9392 117.07 265.082037469812 0.530329761607042 1.95833280925225
GRB090407 348650 315 55.9 1.4485 309.959 0.0100003 0 174.992525922113 0.600651408760434 2.0085169448137
GRB141221A 622006 36.8 4.1 1.452 72.839 58.4143 140.42 133.529738962488 0.579522764025236 1.82843068047808
GRB110213A 445414 48 16 1.4607 9999.36 0.0100004 0 100.260069193223 0.605490034957511 1.78815433545929
GRB200205B 954519 454 4.5 1.465 61.0776 52.3781 83.7364 94.5557187068678 0.599983766464681 1.74923637569074
GRB141121A 619182 481 38.1 1.47 79.0396 48.0408 0 128.23627672205 0.594051367555061 1.85561553617315
GRB120724A 528443 77.9 18.6 1.48 26.7277 1.22468 34.2258 16.4270772704293 0.785550302146419 1.52249543804067
GRB060418 205851 109 46.7 1.49 182.814 70.1336 0 157.721173603816 0.563162852462327 1.84631373294636
GRB070306 263361 209 64.6 1.49594 861.181 0 0 185.627835225759 0.559158588612867 1.90262850930099
GRB160703A 702699 45 3.02 1.5 9999.36 0 0 457.756373660407 0.494833393479308 2.0708874681062
GRB161214B 726885 24.9 3.18 1.5 139.007 69.2259 0 126.473052315844 0.583644638037431 1.81864318704848
GRB060502A 208169 28.4 9.86 1.5026 151.533 101.471 952.413 336.685179765155 0.519303799340061 2.02571106341053
GRB080805 319036 107 15.9 1.5042 912.809 0 0 259.700209515227 0.53643672199079 1.97141020341776
GRB181110A 871316 138 10.9 1.505 39.2291 4.49329 0 56.2698943834794 0.633252626848789 1.63948331039943
GRB060923B 230702 8.95 1.3 1.51 10.4592 0 0 14.4344619490615 0.79078240928505 1.48958057424302
GRB080330 308041 60.4 36.4 1.5119 0.999022 0.384247 22.9125 8.40080879219966 0.936483219894321 1.51094445779552
GRB150301B 633180 17.1 4.64 1.5169 305.91 0 0 311.223440912474 0.524167391557186 2.00810075763312
GRB060719 220020 66.9 11.6 1.532 68.5564 46.0715 0 83.6114971513987 0.615463071676978 1.74371699344109
GRB080520 312047 3.32 0.862 1.5457 2.64293 0 0 2.31671441003276 1.09280833808485 1.31038978821495
GRB090102 338895 28.3 2.35 1.547 443.773 150.896 0 460.095833041834 0.503508724324281 2.10972816124202
GRB161117A 722604 126 1.09 1.549 73.0521 69.3421 77.8493 101.327213567567 0 0
GRB051111 163438 64 16 1.54948 258.32 141.988 0 466.130477720551 0.498359796708918 2.09438008685415
GRB060306 200638 60.9 3.36 1.559 69.38 55.7151 138.442 124.907265274986 0.585421273338286 1.81886304832359
GRB100728A 430151 193 10.6 1.567 996.915 0 0 850.002494032243 0.459070092215467 2.21370629476188
GRB070714A 284850 3 1.41 1.58 1.81349 0.452004 1.03671 11.015352513281 0.804604579352643 1.42798945368219
GRB140430A 597722 174 3.71 1.6 47.6201 0 0 59.244890346717 0.668973631806373 1.74480139581553
GRB071003 292934 148 4.62 1.60435 9998.4 0 0 447.692377436454 0.500638794436117 2.08457967976477
GRB090418A 349510 56.3 4.06 1.608 9999.35 0 0 447.058132908944 0.501466008469939 2.08736789756281
GRB110503A 452685 58.7 47 1.613 229.438 133.63 0 558.524206204577 0.489555010674139 2.14433680598217
GRB080605 313299 18.1 0.888 1.6403 290.697 198.114 711.874 463.019519560417 0.493224339615852 2.06950033005312
GRB080928 326115 234 20.8 1.6919 9999.36 0 0 136.729271542636 0.5842275058304 1.85277848959295
GRB091020 373458 38.9 4.89 1.71 362.92 0 0 246.934744022811 0.536957607810608 1.95075846436156
GRB050802 148646 27.5 8.16 1.7102 175.56 0 0 287.739311437679 0.540845847954168 2.03471459364665
GRB160410A 682269 96 50.6 1.717 9999.36 0 0 893.13539331511 0.49842176641678 2.43905138522551
GRB191011A 928924 7.35 0.937 1.722 112.048 0 0 74.0366568822119 0.64004940767018 1.76043704955516
GRB100906A 433509 115 1.46 1.727 9998.78 0.0100007 0 139.003968710997 0.567213423268215 1.8066415744525
GRB120119A 512035 68 7.07 1.728 443.353 225.57 0 394.123381233463 0.502679876835664 2.03277588500446
GRB090113 339852 9.1 0.902 1.7493 394.628 0 0 247.277613125513 0.542567155441351 1.97143743964438
GRB111117A 507901 0.464 0.0537 1.75 233.628 0 0 5275.38876393329 0.398788613933877 2.93779373270545
GRB100425A 420398 39 2.31 1.755 25.3526 0.737147 34.6687 16.1353689353303 0.808094219202377 1.55014027484823
GRB150314A 634795 14.8 2.63 1.758 764.681 444.088 0 971.523253635842 0.452833971422691 2.25151321319401
GRB110422A 451901 25.8 0.595 1.77 147.995 133.322 169.458 441.163933176914 0 0
GRB121027A 536831 80.1 40.8 1.773 82.4624 50.0499 0 105.822252121461 0.599070590800433 1.79157296385063
GRB080325 307604 167 32.6 1.78 9999.35 0 0 227.367035855083 0.560268234508894 1.99689624349828
GRB120326A 518626 69.5 8.18 1.798 46.8379 40.2789 54.7329 62.9290100760988 0.628687028815045 1.66964445696738
GRB090709A 356890 88.7 1.12 1.8 439.211 280.726 1382.46 654.044653705627 0.473270026207946 2.14923052440774
GRB080602 312958 74.3 7.14 1.8204 149.464 94.7223 0 532.979861945515 0.501764001359221 2.17495612282504
GRB110801A 458521 385 8.93 1.858 83.4516 53.9652 0 102.430430972518 0.600773821244265 1.78329421202554
GRB190106A 882252 78.1 2.09 1.859 154.628 104.562 892.925 208.518023651101 0.544544028616197 1.9032003110139
GRB060908 228581 19.3 1.3 1.8836 147.687 110.19 286.178 462.614669371657 0.498359796708918 2.09065802587434
GRB060708 217805 10 3.67 1.92 88.9476 63.1456 0 178.177680076572 0.567329021105816 1.91158669901132
GRB060814 224552 145 4.82 1.9229 302.366 175.19 0 250.551149744354 0.529401905324793 1.92984975898166
GRB190627A 911609 2.69 0.881 1.942 16.4707 0 0 10.6272892201117 0.874910240869746 1.51258921680106
GRB080319C 306778 29.6 9.41 1.9492 201.645 125.11 4612.98 520.178262861154 0.49319708378468 2.12539424357649
GRB050315 111063 95.4 14 1.95 33.8723 5.23037 47.0267 46.603034911147 0.653984567326387 1.62103167105615
GRB070419B 276212 238 14.3 1.9588 740.53 153.077 0 172.087371052696 0.556326823356598 1.86071774773844
GRB160121A 671231 10.5 2.4 1.96 59.5825 48.3214 104.437 119.623195621252 0.596504191903601 1.83393314642811
GRB170113A 732526 20.3 4.33 1.968 71.8058 57.9344 120.126 218.505161361957 0.555506954080052 1.96123664822503
GRB150915A 655721 160 57.7 1.968 4.86026 0 0 14.4270620608244 0.851398733880485 1.57727347553846
GRB081008 331093 188 38.2 1.9683 118.169 80.939 2024.16 187.665871513465 0.554877992214413 1.89299296507803
GRB070224 261880 48 35.8 1.99 22.5761 3.19155 37.5138 25.2035896457214 0.755800195642123 1.61124098328644
GRB180329B 819490 214 49.4 1.998 50.1352 42.844 62.2685 87.2232369939663 0.617330166854203 1.76518000763745
GRB130612A 557976 4 1.41 2.006 37.262 32.0068 44.051 61.2214624848234 0.671900555272786 1.76291348574906
GRB170705A 760064 223 15.6 2.01 996.671 0.0100003 0 184.706253770839 0.552613512405087 1.87848832403765
GRB161017A 718023 217 6.86 2.013 9999.36 0 0 219.575509926571 0.543063982323936 1.9205804333117
GRB081230 338633 60.7 13.4 2.03 52.1641 12.1117 0 78.0262616961641 0.632411123285588 1.76111209603859
GRB060108 176453 14.2 2.14 2.03 30.4214 0 0 60.7340440345751 0.652912525188665 1.71611346937041
GRB070611 282003 13.2 3.47 2.0394 62.8594 49.957 0 165.789644386344 0.596947310695043 1.9747426224679
GRB081203A 336489 223 90 2.05 982.947 0 0 340.474115246976 0.516343839715204 2.01922865170867
GRB070328 272773 72.1 8.48 2.06 565.879 0 0 647.195516494026 0.475708596939278 2.15516239238488
GRB150403A 637044 37.3 11.7 2.06 444.655 212.627 0 631.822081561254 0.477324800814335 2.15061910730486
GRB080207 302728 292 7.99 2.0858 124.61 91.6869 305.025 226.764308525789 0.540532112401774 1.92580140847407
GRB070521 279935 38.6 2.38 2.0865 237.68 164.788 569.752 457.438906666935 0.495094953964093 2.0715956957829
GRB150206A 630019 75 12.7 2.087 275.321 162.483 0 445.20107056285 0.498552616662125 2.07323484764503
GRB061222A 252588 100 12.2 2.088 691.353 256.848 0 453.277122300683 0.496684377390901 2.07391522571196
GRB130610A 557845 47.7 10.7 2.092 201.993 121.364 0 540.899649472951 0.492443035829895 2.14134675668866
GRB090201 341749 74.3 1.68 2.1 125.692 107.882 158.451 356.781395626936 0.509713340108823 2.01474923712162
GRB121209A 540964 42.9 1.43 2.1 203.943 113.074 0 349.011068221375 0.517622326021542 2.03569870329036
GRB060512 209755 8.4 1.73 2.1 19.0393 0 0 20.0825751134624 0.778110901649734 1.57402454365707
GRB100728B 430172 12.1 2.74 2.106 173.179 0 0 238.904648422852 0.553001106136509 1.99336808192703
GRB080906 323984 148 19.6 2.13 243.417 0 0 258.87117801096 0.537263701691586 1.9730450432173
GRB060604 213486 96 22.6 2.1357 74.5059 0 0 51.2111820169639 0.734600974276867 1.82351777072589
GRB071020 294835 4.3 0.583 2.1462 663.891 0 0 960.653788926112 0.45569892072203 2.25995868630647
GRB070810A 287364 9.04 2.68 2.17 38.9931 17.1034 50.3155 51.6299613575984 0.655986648295882 1.66296841239678
GRB120624B 525068 180 1.46 2.1974 9996.95 0 0 866.597236949277 0.458627930722651 2.22138840169132
GRB050922C 156467 4.55 0.448 2.1995 209.568 132.599 1641.25 419.567268078818 0.50332789482098 2.06479528586963
GRB121128A 539866 23.4 1.65 2.2 64.9227 59.5285 73.3846 91.9733488693228 0.59567037296249 1.72602864918459
GRB080804 319016 37.9 42.4 2.2045 719.173 0 0 945.475109215406 0.466025842220216 2.30420147342963
GRB110205A 444643 249 15 2.22 263.33 95.229 0 162.110445767576 0.559112240165568 1.84465647232792
GRB180325A 817564 92.8 1.52 2.25 257.581 167.582 911.196 666.652788448713 0.475789112677336 2.17025117487307
GRB081221 337889 33.9 0.922 2.26 90.388 82.736 102.324 127.730555227703 0.571028783480333 1.7839718615463
GRB130505A 555163 89.3 111 2.27 9999.36 0.0100003 0 144.899170738387 0.584074169332064 1.87673088000071
GRB140629A 602884 38.3 11.6 2.275 60.9244 48.9283 116.527 94.4217618870577 0.608048889996736 1.77134232532371
GRB121024A 536580 68 31.7 2.298 9999.36 0 0 465.610536941025 0.526468025634733 2.21344635042221
GRB171209A 796100 162 30.8 2.3 248.082 0 0 240.524322490442 0.538597706832619 1.94499952679106
GRB160303A 677495 4.98 1.01 2.3 9999.36 0 0 1052.94091074296 0.496605471254319 2.53613460533812
GRB060124 178750 13.4 1.29 2.3 148.485 0.0124437 0 105.694648793245 0.615860712360671 1.83858198310049
GRB070506 278693 5.99 1.41 2.309 55.1234 43.8323 104.311 137.038942937527 0.597058657358611 1.8911827591475
GRB060111A 176818 13.2 1.17 2.32 73.8797 64.7677 90.8143 188.864094157579 0.553218888798473 1.89002043581238
GRB151021A 660671 110 3.59 2.33 9999.36 0 0 252.546701158872 0.530018465008437 1.93559726598641
GRB070129 258408 460 25.2 2.3384 43.5024 17.0472 0 62.1780503188686 0.647410889509039 1.7116442283891
GRB110128A 443861 14.2 2.49 2.339 998.523 0 0 1026.0397826353 0.484274386929731 2.44891662764416
GRB051109A 163136 37.2 6.07 2.346 88.1289 64.7091 0 269.679106119889 0.55672471292427 2.06383987924123
GRB070110 255445 88.4 14.4 2.3521 9999.32 0 0 222.697170961807 0.552127018512845 1.9585357350223
GRB120815A 531003 7.23 2.52 2.3586 27.2523 0 0 24.3553233614838 0.742306049679556 1.5767070154845
GRB060805A 222683 4.93 1.35 2.3633 31.9411 24.4933 44.5052 43.8297304722763 0.735080665762158 1.76837757935549
GRB170531B 755354 170 9.11 2.366 45.1658 34.3951 69.6826 72.7899632307883 0.635357996143536 1.74232633111609
GRB080905B 323898 121 28.1 2.3739 256.097 0 0 170.712137416724 0.57519751352202 1.91912825708426
GRB160227A 676423 316 75.8 2.38 75.5337 62.1285 113.391 235.016416545585 0.546724454584286 1.96350042676522
GRB140509A 598497 23.2 5.17 2.4 107.727 56.9404 0 210.438888855381 0.57168395054197 2.000506652852
GRB120211A 514586 64.3 8.83 2.4 84.8346 60.7401 0 353.66338552748 0.544057122223736 2.14535170602063
GRB171222A 799669 174 23.9 2.409 34.748 9.34225 0 56.2580144153604 0.659216395125918 1.70284061450514
GRB080310 305288 363 16.9 2.42743 23.2837 0.527761 34.6639 31.2482787441558 0.699763039614926 1.58054549046235
GRB051001 157870 190 22.9 2.4296 39.9066 8.52365 0 56.5916035434376 0.651961574631639 1.68753581988566
GRB080413A 309096 46.4 0.481 2.433 291.092 0 0 249.029157898746 0.533699750776826 1.94275707849341
GRB050714B 145994 49.4 11.3 2.438 30.0786 19.6557 36.3088 18.2391334104016 0.781720497957508 1.54808570361102
GRB090812 359711 74.5 15.3 2.452 9999.36 0 0 637.104100093452 0.478868753535794 2.16174518342948
GRB071021 294974 229 74 2.452 9965 0.0101167 0 166.049892968724 0.588338135714683 1.94801142649005
GRB070802 286809 15.8 2.5 2.4541 58.3065 0 0 128.043017409727 0.618420674347821 1.92508318233665
GRB100424A 420367 104 14.6 2.465 95.2508 21.3591 0 99.5098565097764 0.609026233425547 1.79496712979067
GRB190719C 915381 186 9.6 2.469 123.346 72.3218 0 165.335190456787 0.566457720027562 1.87681514787721
GRB181213A 876016 15.3 1.38 2.47 270.472 0 0 212.274975779489 0.571918967479209 2.0054461276005
GRB080515 311658 20.9 5.17 2.47 33.4651 27.2947 38.0992 33.8782524562176 0.695781696748751 1.59983981199481
GRB060923A 230662 58.5 7.13 2.47 50.8025 41.5436 73.8369 115.953296514404 0.617458111082425 1.88148170621836
GRB180115A 805318 39.1 2.99 2.487 9999.34 0.0100001 0 160.209734239197 0.59531455382112 1.95452171560591
GRB070529 280706 109 20.7 2.4996 505.014 0 0 408.675309313707 0.523042525231109 2.13361718167839
GRB050819 151131 37.7 7.33 2.5043 23.3179 1.94593 29.3678 8.82603814337337 0.850343702993572 1.4246789252793
GRB081121 335105 17.5 2.01 2.512 208.387 125.337 0 943.167875118215 0.467796534313883 2.312295052787
GRB050215B 106107 11 3.93 2.52 5.60699 0 0 28.120005416372 0.734324469143633 1.61064563517827
GRB050915A 155242 53.4 11.3 2.5273 137.158 71.1487 0 400.040167087873 0.525672187767596 2.13347717047164
GRB130131B 547420 4.3 0.257 2.539 987.079 0 0 787.073336223674 0.492594433679308 2.33778086735483
GRB060904A 227996 80.1 2.22 2.55 997.506 0 0 241.345552456518 0.532916908688511 1.92605418139366
GRB081118 334877 53.4 12.1 2.58 29.6799 1.77454 69.4379 43.5319578507095 0.675922650330762 1.64642328654486
GRB151215A 667392 17.8 1.01 2.59 39.0931 0 0 62.1836771643507 0.691813448144364 1.81317407152743
GRB080721 317508 130 114 2.5914 9998.14 0 0 843.235146740413 0.468171529717263 2.25405754925647
GRB090426 350479 1.24 0.253 2.609 55.0858 38.898 0 98.3846624658047 0.628558928791329 1.8424915297103
GRB050820A 151207 241 11.5 2.6147 9999.36 0 0 595.443008116271 0.491046929773308 2.1825037570988
GRB070103 254532 18.4 1.21 2.6208 46.6333 4.94026 0 83.053473418181 0.638711153358814 1.80170008900386
GRB090529A 353540 70.4 10.3 2.625 42.0659 33.613 53.5202 62.7659779630796 0.650142414788546 1.72166440252294
GRB080210 302888 42.3 11.4 2.6419 9999.06 0.0100019 0 141.743417632334 0.580476309587658 1.8562886104592
GRB120811C 530689 24.3 3.06 2.671 47.3123 42.6035 52.5606 61.8339086465468 0.626919819671624 1.65848863573072
GRB080603B 313087 59.1 1.63 2.6892 74.9413 64.0845 100.723 135.542533806867 0.573925471917486 1.81726808691905
GRB071031 295670 181 30.3 2.6918 2.07931 217.059 377.75 20.6570309400544 0.766896931361277 1.56514471830134
GRB050406 113872 5.78 1.39 2.7 29.3726 23.3169 35.5287 17.8758416959329 0.803982322802437 1.57395387089742
GRB121229A 544347 111 41.3 2.707 27.554 0 0 26.4657618368279 0.782641729080601 1.67166981282717
GRB090726 358422 56.7 12.2 2.71 26.8822 0 0 25.3010881658282 0.728818687887465 1.56485823615092
GRB060714 219101 116 8.97 2.7108 56.8548 43.363 0 82.793339428527 0.615233535203099 1.73936809658123
GRB140206A 585834 94.2 18.4 2.73 133.61 111.51 179.909 264.251766980757 0.526577138308696 1.94309260972629
GRB090809A 359530 8.87 2.87 2.737 202.49 0 0 430.217131244148 0.537562543309768 2.22055993661469
GRB091029 374210 39.2 4.86 2.752 61.3208 52.2144 86.361 85.6717621832817 0.605749410269374 1.72661893778257
GRB081222 337914 33 4 2.77 217.875 149.778 583.989 357.169034664351 0.509614762342 2.01485362028564
GRB051008 158855 12.4 1.36 2.77 212.094 156.335 396.864 863.127591751568 0.46267389881903 2.23915934335289
GRB130427B 554635 25.9 5.97 2.78 82.8559 57.2166 0 185.286594834977 0.571909090873823 1.94459650113007
GRB120327A 518731 63.5 7.03 2.8145 217.673 117.771 0 258.543426348085 0.533062338282076 1.95718329363652
GRB050603 131560 21 8.49 2.821 490.3 184.424 0 645.888868786123 0.482546311167865 2.18546824226448
GRB161014A 717500 23 4.47 2.823 175.218 0 0 323.787068658642 0.535781236267816 2.07141682755408
GRB110731A 458448 40.9 11.6 2.83 9999.36 0 0 784.773808110128 0.466861971850047 2.21061188190832
GRB180624A 844192 467 35.8 2.855 9999.36 0.0100001 0 87.3232719313769 0.611234698153944 1.74936325490854
GRB090404 348428 82 14.5 2.87 7.98219 0.831677 27.2847 27.4114999078081 0.693924146641018 1.52321076379272
GRB120404A 519380 38.7 4.09 2.876 226.294 0.0107489 0 93.97566335659 0.613256273987717 1.78400266991493
GRB111107A 507185 31.1 7.15 2.893 9999.36 0 0 286.241698337838 0.542327341503228 2.03765427506511
GRB050401 113120 32.1 0.577 2.8983 223.326 123.168 0 381.145854003901 0.512302529245265 2.05605628786702
GRB181020A 867987 238 11.6 2.938 495.38 0 0 572.666660369547 0.486399925785064 2.14270804394241
GRB120118B 512003 20.3 2.7 2.943 36.891 9.06737 48.7302 48.7909528910933 0.655775972255063 1.64186331762872
GRB070411 275087 116 16.9 2.9538 9999.2 0.0100002 0 169.567688490098 0.566066560014414 1.88660942618117
GRB141109A 618024 200 48.1 2.993 512.002 0 0 264.427183978237 0.532497410291174 1.96517621896339
GRB090715B 357512 266 11.6 3 9998.59 0 0 211.750575822442 0.546192207766872 1.91559193538155
GRB140114A 583861 140 15.9 3 32.4668 4.59795 48.7294 48.8675425741816 0.651131191356695 1.63151848995717
GRB070420 276321 77 5.47 3.01 130.335 102.239 217.78 266.597578249278 0.529286723024357 1.95702106344175
GRB080607 313417 79 3.04 3.0368 9998.64 0 0 595.389127967125 0.480104194209772 2.13391197214833
GRB081028A 332851 284 30.5 3.038 75.2479 58.1404 217.838 119.288094157164 0.586826206042482 1.80424080222058
GRB060607A 213823 103 28.1 3.0749 149.843 99.1336 1298.17 322.549074427725 0.521880416123989 2.01565407089756
GRB091109A 375246 48 17 3.076 9999.36 0 0 488.456170198874 0.528094324386951 2.2501294303024
GRB121217A 542441 778 16.1 3.1 589.351 0 0 241.149074781424 0.541324271369688 1.95592636129951
GRB120922A 534394 168 29.2 3.1 46.0949 32.4624 61.0776 60.343264319676 0.633801846329064 1.66693628428267
GRB120805A 530031 48 22.6 3.1 94.8047 65.0062 0 646.883241167441 0.513684545597723 2.33583735796659
GRB150413A 637899 244 40.8 3.139 128.41 66.2091 0 156.36638646801 0.579552788813737 1.89502088201461
GRB140703A 603243 68.6 66.5 3.14 9998.99 0.0100027 0 149.183399717951 0.581547910972893 1.88160518001401
GRB111123A 508319 290 88.1 3.1516 954.485 146.349 0 168.04016526952 0.561126139049365 1.86640762478106
GRB100316A 416076 6.75 0.952 3.155 139.396 71.4895 0 305.438726288597 0.545360902888285 2.0798259854448
GRB080516 311762 5.76 0.223 3.2 76.5675 0.212479 0 103.561277710142 0.636289124050526 1.88425206544032
GRB060926 231231 8.82 1.14 3.2086 4.20687 0 0 13.4641487184419 0.792332554293005 1.47043218487489
GRB060526 211957 298 22.9 3.2213 9999.31 166.763 336.944 67.8252338795867 0.657985767880103 1.77120773444496
GRB050319 111622 152 10.6 3.2425 51.4015 2.20491 0 73.4383481990449 0.641062687671012 1.75974402790562
GRB140423A 596901 134 23.1 3.26 271.043 0 0 447.692377436454 0.499711104071823 2.0806953662979
GRB160104A 669319 16.6 2.79 3.32 57.9984 43.2934 339.26 126.14539470715 0.605709660071144 1.88217066353309
GRB050908 154112 18.3 3.28 3.3467 50.4613 40.8476 81.7724 99.8255243326168 0.614948858944116 1.81239769010255
GRB141026A 616502 139 14.8 3.35 0.922985 0.561945 2.39799 22.2012230453041 0.738806997256858 1.5402669616233
GRB061222B 252593 37.2 6.06 3.355 47.294 35.9348 67.8819 68.7791176393792 0.635441390669558 1.720463644973
GRB110818A 500914 103 18 3.36 247.459 0 0 212.954783565898 0.55383640554901 1.94500624459303
GRB080810 319584 108 3.47 3.3604 9999.35 0 0 544.87891189019 0.490023603875595 2.13428788906892
GRB090313 346386 83 19.5 3.3736 9999.28 0 0 81.7905257787354 0.657772177935422 1.84298160287729
GRB190114A 883600 67.1 9.83 3.3765 36.5311 6.51799 0 50.9676957998821 0.679508666303863 1.71115952863255
GRB121201A 540178 38 8.25 3.385 192.867 7.18184 0 90.1549963223144 0.624113389678874 1.79656733864115
GRB060707 217704 66.6 6.38 3.424 61.9489 53.7134 76.965 162.056666037083 0.575229300989616 1.89657927296304
GRB061110B 238174 135 17.6 3.4344 378.049 0 0 1170.88973869776 0.462467800280741 2.40311663638298
GRB081228 338338 3 1.41 3.44 37.428 0 0 60.4543978807188 0.685841878121534 1.78940851653826
GRB050803 148833 88.1 10.2 3.5 952.762 0 0 376.620191621368 0.518527745888914 2.07530532296717
GRB191004B 927839 300 81.8 3.503 593.628 0 0 920.625075917648 0.474700839761112 2.33319426359313
GRB170405A 745797 165 32.9 3.51 9999.36 0 0 260.382624432271 0.54328535726474 1.99776545906667
GRB160203A 672525 17.4 2.29 3.52 58.4746 0 0 71.8974686319487 0.651432617384187 1.77750159865859
GRB060115 177408 139 15.2 3.5328 66.1118 53.9466 108.426 146.866112708186 0.579146585235697 1.8667944454743
GRB130514A 555821 214 17.3 3.6 165.529 91.1163 0 126.084528873989 0.576942457374659 1.79694589106699
GRB070721B 285654 337 22.5 3.6298 9999.35 0 0 601.290856752103 0.491423589713271 2.18988848518966
GRB170202A 736407 37.8 11.7 3.645 113.258 77.9961 2348.82 164.360593191971 0.562564081563611 1.86183632813152
GRB060906 228316 44.6 2.59 3.6856 47.8026 28.8357 90.5799 64.2621719701082 0.634632048641514 1.69261427787016
GRB130408A 553132 4.24 0.681 3.758 147.642 0 0 778.619722077755 0.500420969549673 2.37448647392059
GRB060605 213630 79.8 6.63 3.773 79.4508 54.1761 0 252.660993781158 0.559272544878829 2.04036563365749
GRB120802A 529486 50.3 31 3.796 57.2582 47.8173 87.205 96.0940062702228 0.605548593866834 1.77131785349416
GRB081029 332931 275 49 3.8479 149.667 0 0 360.535388913446 0.534707160538528 2.11930274186441
GRB090519 352648 58 8.18 3.85 995.501 0 0 1925.15441662673 0.444223981193379 2.59293422407652
GRB060210 180977 288 152 3.9122 150.08 91.4049 0 286.768866690659 0.532081917591098 2.00052047191013
GRB120909A 533060 221 305 3.93 442.369 0 0 404.468868414546 0.51331741671513 2.08829091928331
GRB140419A 596426 80.1 3.78 3.956 994.29 0 0 771.908280914372 0.465876173809109 2.19751829807193
GRB050730 148225 155 18.6 3.9693 704.774 0 0 262.987435432213 0.540606794831592 1.99228745358069
GRB131117A 577968 10.9 2.81 4.042 44.352 38.3883 54.7803 108.282730854714 0.614031993225528 1.84279701456636
GRB060206 180455 7.55 2.19 4.0559 80.744 66.7553 119.574 169.823622281201 0.561709798756527 1.87276808642054
GRB151027B 661869 80 35.8 4.063 104.51 0.015097 0 104.581508049641 0.638190742364783 1.89304527112926
GRB090516A 352190 181 41.3 4.109 9999.07 0 0 161.675830307002 0.575006825601476 1.89509942568529
GRB120712A 526351 14.8 3.24 4.1745 144.267 101.452 434.683 410.083032129918 0.508248961591951 2.07415161981456
GRB140614A 601646 77.4 15.9 4.233 389.691 0 0 274.960684320492 0.551528551638118 2.05187074750244
GRB050505 117504 58.9 6.84 4.2748 131.948 86.4324 0 373.272503911096 0.521131109941873 2.08219788018017
GRB080129 301981 50.2 9.17 4.349 9999.36 0 0 547.531487897934 0.523235859116035 2.28930944475858
GRB060223A 192059 11.3 1.07 4.41 69.8697 55.8249 130.207 154.067593839953 0.575732173890521 1.87657531847656
GRB050922B 156434 157 94.5 4.5 25.0485 1.5415 0 42.7099438039749 0.702344199445436 1.69492505641777
GRB120401A 519043 130 24.2 4.5 68.5024 25.871 0 142.66994703033 0.605619708727758 1.93397341570802
GRB060117 177666 16.9 0.143 4.6 78.2412 71.804 88.5473 85.7596697624449 0.597877899414081 1.70497101398098
GRB090205 342121 8.81 1.78 4.6497 38.4201 30.7962 48.3355 59.284218601356 0.666126176051051 1.7383290983521
GRB140331A 594081 210 32.8 4.65 40.599 0 0 67.688298928512 0.675731243998402 1.8107270939591
GRB100219A 412982 27.6 8.65 4.66723 129.147 0 0 454.605305625848 0.533395687376529 2.23007515857098
GRB140428A 597519 17.4 5.9 4.7 64.422 47.6664 260.623 240.865556043851 0.575644686165275 2.07452417429609
GRB140518A 599287 60.5 2.48 4.707 47.922 40.8072 60.5887 83.3571581416313 0.619924071175338 1.75431267020119
GRB100513A 421814 83.5 21.6 4.772 321.393 0 0 205.731598265402 0.561335488683267 1.95489979018335
GRB100302A 414592 17.9 1.64 4.813 90.17 50.4336 0 140.687042478859 0.598770644020098 1.90807745440445
GRB060510B 209352 263 9.03 4.941 113.805 69.9948 0 122.378718181622 0.583392712778192 1.80435297499275
GRB140311A 591390 70.5 7.59 4.954 116.353 0 0 150.294504170159 0.60301900532911 1.95109537750415
GRB160327A 680655 33.7 9.37 4.99 9999.36 0.0100001 0 98.5034405734895 0.604702132275814 1.77879745739999
GRB111008A 505054 62.8 2.26 4.99005 122.566 63.1535 0 104.80888480567 0.596329096145456 1.77976843461778
GRB060522 211117 69.1 5.9 5.11 73.3104 56.4935 184.195 243.510055685184 0.553524693343571 2.00336923412551
GRB071025 295301 241 35.8 5.2 294.964 0.046564 0 144.088493278247 0.569128717369161 1.82761620425288
GRB050502B 116116 17.7 1.9 5.2 89.8226 59.8717 0 211.859186334313 0.559363340218181 1.9609792580029
GRB140304A 590206 14.8 1.4 5.283 136.898 99.5328 317.843 498.563522399725 0.497755995691037 2.12445482223757
GRB131227A 582184 18 1.55 5.3 9967.95 0 0 423.930731015568 0.514368068324578 2.11493001139266
GRB050814 150314 143 41.7 5.3 61.7575 47.871 172.143 129.343437855706 0.598927838771521 1.87324033271518
GRB060927 231362 22.4 1.19 5.4636 70.6728 61.1009 90.0581 195.200443473448 0.553373681228476 1.90476542840436
GRB130606A 557589 277 19.6 5.9134 150.299 77.8164 0 257.345216469851 0.544404868055899 1.99617218609372
GRB120521C 522656 27.1 4.34 5.93 103.018 65.3803 0 170.305824032594 0.568965587573712 1.8974310360278
GRB050904 153514 182 16.3 6.295 484.894 0 0 609.69214527692 0.483923263142634 2.16283555321395
GRB140515A 599037 23.4 2.04 6.33 56.3679 46.5081 87.667 118.192113845486 0.596611334654314 1.82920761212579
GRB060116 177533 105 27.3 6.6 129.601 75.91 0 408.490442737882 0.525381770833746 2.14350005998396
GRB080913 324561 7.46 0.757 6.733 111.497 81.5666 304.471 673.301527902179 0.49343221486447 2.25836690051367
GRB120923A 534402 26.1 6.82 7.84 44.4906 37.526 58.3071 109.86192387244 0.624363490685598 1.87831315434738
GRB100905A 433442 3.4 0.504 7.88 126.929 81.9231 0 944.335029806183 0.479853868100133 2.37455946559552
GRB090423 350184 10.3 1.06 8.26 53.2296 47.3999 62.7012 107.414150965883 0.595915250620022 1.78836433404267
GRB090429B 350854 5.58 0.994 9.38 45.2509 39.8014 53.6542 83.530830620644 0.621220816382282 1.75847419670642

